1512038409,s1-eth3,0.00,0.00,0.00,0,0,0.00,0.00,0.00,0,0,0.00,0.00,0,0
1512038409,s2-eth3,0.00,0.00,0.00,0,0,0.00,0.00,0.00,0,0,0.00,0.00,0,0
1512038409,ens33,0.00,0.00,0.00,0,0,0.00,0.00,0.00,0,0,0.00,0.00,0,0
1512038409,s1-eth1,0.00,0.00,0.00,0,0,0.00,0.00,0.00,0,0,0.00,0.00,0,0
1512038409,s3-eth1,0.00,0.00,0.00,0,0,0.00,0.00,0.00,0,0,0.00,0.00,0,0
1512038409,s2-eth1,0.00,0.00,0.00,0,0,0.00,0.00,0.00,0,0,0.00,0.00,0,0
1512038409,lo,0.00,0.00,0.00,0,0,0.00,0.00,0.00,0,0,0.00,0.00,0,0
1512038409,s1-eth2,0.00,0.00,0.00,0,0,0.00,0.00,0.00,0,0,0.00,0.00,0,0
1512038409,s3-eth2,0.00,0.00,0.00,0,0,0.00,0.00,0.00,0,0,0.00,0.00,0,0
1512038409,s2-eth2,0.00,0.00,0.00,0,0,0.00,0.00,0.00,0,0,0.00,0.00,0,0
1512038409,total,0.00,0.00,0.00,0,0,0.00,0.00,0.00,0,0,0.00,0.00,0,0
1512038410,s1-eth3,1224642.00,27526.00,1252168.00,27526,1224642,427.00,417.00,844.00,417,427,0.00,0.00,0,0
1512038410,s2-eth3,5570.00,413700.00,419270.00,413700,5570,76.00,145.00,221.00,145,76,0.00,0.00,0,0
1512038410,ens33,0.00,0.00,0.00,0,0,0.00,0.00,0.00,0,0,0.00,0.00,0,0
1512038410,s1-eth1,14809.00,1223970.00,1238779.00,1223970,14809,218.00,423.00,641.00,423,218,0.00,0.00,0,0
1512038410,s3-eth1,5840.00,407576.00,413416.00,407576,5840,78.00,142.00,220.00,142,78,0.00,0.00,0,0
1512038410,s2-eth1,10059.00,794282.00,804341.00,794282,10059,144.00,275.00,419.00,275,144,0.00,0.00,0,0
1512038410,lo,6268.00,6268.00,12536.00,6268,6268,62.00,62.00,124.00,62,62,0.00,0.00,0,0
1512038410,s1-eth2,14073.00,1205423.00,1219496.00,1205423,14073,209.00,421.00,630.00,421,209,0.00,0.00,0,0
1512038410,s3-eth2,413700.00,5570.00,419270.00,5570,413700,145.00,76.00,221.00,76,145,0.00,0.00,0,0
1512038410,s2-eth2,1205423.00,14073.00,1219496.00,14073,1205423,421.00,209.00,630.00,209,421,0.00,0.00,0,0
1512038410,total,2900384.00,4098388.00,6998772.00,4098388,2900384,1780.00,2170.00,3950.00,2170,1780,0.00,0.00,0,0
1512038411,s1-eth3,1224240.00,27192.00,1251432.00,27192,1224240,425.00,412.00,837.00,412,425,0.00,0.00,0,0
1512038411,s2-eth3,4496.00,371966.00,376462.00,371966,4496,68.00,129.00,197.00,129,68,0.00,0.00,0,0
1512038411,ens33,60.00,60.00,120.00,60,60,1.00,1.00,2.00,1,1,0.00,0.00,0,0
1512038411,s1-eth1,13802.00,1225414.00,1239216.00,1225414,13802,209.00,423.00,632.00,423,209,0.00,0.00,0,0
1512038411,s3-eth1,4430.00,374858.00,379288.00,374858,4430,67.00,129.00,196.00,129,67,0.00,0.00,0,0
1512038411,s2-eth1,9248.00,834232.00,843480.00,834232,9248,140.00,288.00,428.00,288,140,0.00,0.00,0,0
1512038411,lo,1608.00,1608.00,3216.00,1608,1608,18.00,18.00,36.00,18,18,0.00,0.00,0,0
1512038411,s1-eth2,13600.00,1207716.00,1221316.00,1207716,13600,206.00,418.00,624.00,418,206,0.00,0.00,0,0
1512038411,s3-eth2,371966.00,4496.00,376462.00,4496,371966,129.00,68.00,197.00,68,129,0.00,0.00,0,0
1512038411,s2-eth2,1207716.00,13600.00,1221316.00,13600,1207716,418.00,206.00,624.00,206,418,0.00,0.00,0,0
1512038411,total,2851166.00,4061142.00,6912308.00,4061142,2851166,1681.00,2092.00,3773.00,2092,1681,0.00,0.00,0,0
1512038412,s1-eth3,1224240.00,27720.00,1251960.00,27720,1224240,425.00,420.00,845.00,420,425,0.00,0.00,0,0
1512038412,s2-eth3,4686.00,423764.00,428450.00,423764,4686,71.00,146.00,217.00,146,71,0.00,0.00,0,0
1512038412,ens33,0.00,0.00,0.00,0,0,0.00,0.00,0.00,0,0,0.00,0.00,0,0
1512038412,s1-eth1,13992.00,1223900.00,1237892.00,1223900,13992,212.00,422.00,634.00,422,212,0.00,0.00,0,0
1512038412,s3-eth1,4686.00,420802.00,425488.00,420802,4686,71.00,145.00,216.00,145,71,0.00,0.00,0,0
1512038412,s2-eth1,9108.00,800136.00,809244.00,800136,9108,138.00,276.00,414.00,276,138,0.00,0.00,0,0
1512038412,lo,0.00,0.00,0.00,0,0,0.00,0.00,0.00,0,0,0.00,0.00,0,0
1512038412,s1-eth2,13728.00,1220938.00,1234666.00,1220938,13728,208.00,421.00,629.00,421,208,0.00,0.00,0,0
1512038412,s3-eth2,423764.00,4686.00,428450.00,4686,423764,146.00,71.00,217.00,71,146,0.00,0.00,0,0
1512038412,s2-eth2,1220938.00,13728.00,1234666.00,13728,1220938,421.00,208.00,629.00,208,421,0.00,0.00,0,0
1512038412,total,2915142.00,4135674.00,7050816.00,4135674,2915142,1692.00,2109.00,3801.00,2109,1692,0.00,0.00,0,0
1512038413,s1-eth3,1222456.00,27788.00,1250244.00,27788,1222456,422.00,410.00,832.00,410,422,0.00,0.00,0,0
1512038413,s2-eth3,1540.00,108499.00,110039.00,108499,1540,22.00,41.00,63.00,41,22,0.00,0.00,0,0
1512038413,ens33,0.00,0.00,0.00,0,0,0.00,0.00,0.00,0,0,0.00,0.00,0,0
1512038413,s1-eth1,14798.00,1222536.00,1237334.00,1222536,14798,216.00,424.00,640.00,424,216,0.00,0.00,0,0
1512038413,s3-eth1,1715.00,108296.00,110011.00,108296,1715,23.00,40.00,63.00,40,23,0.00,0.00,0,0
1512038413,s2-eth1,12336.00,1018290.00,1030626.00,1018290,12336,181.00,357.00,538.00,357,181,0.00,0.00,0,0
1512038413,lo,4744.00,4744.00,9488.00,4744,4744,47.00,47.00,94.00,47,47,0.00,0.00,0,0
1512038413,s1-eth2,13508.00,1134077.00,1147585.00,1134077,13508,200.00,398.00,598.00,398,200,0.00,0.00,0,0
1512038413,s3-eth2,108499.00,1540.00,110039.00,1540,108499,41.00,22.00,63.00,22,41,0.00,0.00,0,0
1512038413,s2-eth2,1134077.00,13508.00,1147585.00,13508,1134077,398.00,200.00,598.00,200,398,0.00,0.00,0,0
1512038413,total,2513673.00,3639278.00,6152951.00,3639278,2513673,1550.00,1939.00,3489.00,1939,1550,0.00,0.00,0,0
1512038414,s1-eth3,1223702.00,39386.00,1263088.00,39386,1223702,419.00,419.00,838.00,419,419,0.00,0.00,0,0
1512038414,s2-eth3,8208.00,142316.00,150524.00,142316,8208,85.00,94.00,179.00,94,85,0.00,0.00,0,0
1512038414,ens33,0.00,0.00,0.00,0,0,0.00,0.00,0.00,0,0,0.00,0.00,0,0
1512038414,s1-eth1,24455.00,441626.00,466081.00,441626,24455,259.00,285.00,544.00,285,259,0.00,0.00,0,0
1512038414,s3-eth1,8302.00,142316.00,150618.00,142316,8302,86.00,94.00,180.00,94,86,0.00,0.00,0,0
1512038414,s2-eth1,7535.00,119606.00,127141.00,119606,7535,79.00,79.00,158.00,79,79,0.00,0.00,0,0
1512038414,lo,1304.00,1304.00,2608.00,1304,1304,12.00,12.00,24.00,12,12,0.00,0.00,0,0
1512038414,s1-eth2,15337.00,271077.00,286414.00,271077,15337,162.00,178.00,340.00,178,162,0.00,0.00,0,0
1512038414,s3-eth2,142316.00,8208.00,150524.00,8208,142316,94.00,85.00,179.00,85,94,0.00,0.00,0,0
1512038414,s2-eth2,271077.00,15337.00,286414.00,15337,271077,178.00,162.00,340.00,162,178,0.00,0.00,0,0
1512038414,total,1702236.00,1181176.00,2883412.00,1181176,1702236,1374.00,1408.00,2782.00,1408,1374,0.00,0.00,0,0
1512038415,s1-eth3,1225018.00,39198.00,1264216.00,39198,1225018,417.00,417.00,834.00,417,417,0.00,0.00,0,0
1512038415,s2-eth3,2068.00,64112.00,66180.00,64112,2068,22.00,28.00,50.00,28,22,0.00,0.00,0,0
1512038415,ens33,0.00,0.00,0.00,0,0,0.00,0.00,0.00,0,0,0.00,0.00,0,0
1512038415,s1-eth1,21150.00,414700.00,435850.00,414700,21150,225.00,250.00,475.00,250,225,0.00,0.00,0,0
1512038415,s3-eth1,2068.00,64112.00,66180.00,64112,2068,22.00,28.00,50.00,28,22,0.00,0.00,0,0
1512038415,s2-eth1,15980.00,354074.00,370054.00,354074,15980,170.00,209.00,379.00,209,170,0.00,0.00,0,0
1512038415,lo,0.00,0.00,0.00,0,0,0.00,0.00,0.00,0,0,0.00,0.00,0,0
1512038415,s1-eth2,18048.00,412262.00,430310.00,412262,18048,192.00,235.00,427.00,235,192,0.00,0.00,0,0
1512038415,s3-eth2,64112.00,2068.00,66180.00,2068,64112,28.00,22.00,50.00,22,28,0.00,0.00,0,0
1512038415,s2-eth2,412262.00,18048.00,430310.00,18048,412262,235.00,192.00,427.00,192,235,0.00,0.00,0,0
1512038415,total,1760706.00,1368574.00,3129280.00,1368574,1760706,1311.00,1381.00,2692.00,1381,1311,0.00,0.00,0,0
1512038416,s1-eth3,1240924.00,61570.00,1302494.00,61570,1240924,658.00,655.00,1313.00,655,658,0.00,0.00,0,0
1512038416,s2-eth3,8554.00,257702.00,266256.00,257702,8554,91.00,131.00,222.00,131,91,0.00,0.00,0,0
1512038416,ens33,0.00,0.00,0.00,0,0,0.00,0.00,0.00,0,0,0.00,0.00,0,0
1512038416,s1-eth1,36472.00,726188.00,762660.00,726188,36472,388.00,450.00,838.00,450,388,0.00,0.00,0,0
1512038416,s3-eth1,8554.00,260664.00,269218.00,260664,8554,91.00,132.00,223.00,132,91,0.00,0.00,0,0
1512038416,s2-eth1,16450.00,381524.00,397974.00,381524,16450,175.00,230.00,405.00,230,175,0.00,0.00,0,0
1512038416,lo,0.00,0.00,0.00,0,0,0.00,0.00,0.00,0,0,0.00,0.00,0,0
1512038416,s1-eth2,24910.00,642122.00,667032.00,642122,24910,265.00,361.00,626.00,361,265,0.00,0.00,0,0
1512038416,s3-eth2,257702.00,8554.00,266256.00,8554,257702,131.00,91.00,222.00,91,131,0.00,0.00,0,0
1512038416,s2-eth2,642122.00,24910.00,667032.00,24910,642122,361.00,265.00,626.00,265,361,0.00,0.00,0,0
1512038416,total,2235688.00,2363234.00,4598922.00,2363234,2235688,2160.00,2315.00,4475.00,2315,2160,0.00,0.00,0,0
1512038417,s1-eth3,1239612.00,63452.00,1303064.00,63452,1239612,682.00,682.00,1364.00,682,682,0.00,0.00,0,0
1512038417,s2-eth3,8604.00,221494.00,230098.00,221494,8604,98.00,87.00,185.00,87,98,0.00,0.00,0,0
1512038417,ens33,0.00,0.00,0.00,0,0,0.00,0.00,0.00,0,0,0.00,0.00,0,0
1512038417,s1-eth1,33440.00,637914.00,671354.00,637914,33440,356.00,363.00,719.00,363,356,0.00,0.00,0,0
1512038417,s3-eth1,8472.00,224456.00,232928.00,224456,8472,96.00,88.00,184.00,88,96,0.00,0.00,0,0
1512038417,s2-eth1,21596.00,590122.00,611718.00,590122,21596,230.00,319.00,549.00,319,230,0.00,0.00,0,0
1512038417,lo,1608.00,1608.00,3216.00,1608,1608,18.00,18.00,36.00,18,18,0.00,0.00,0,0
1512038417,s1-eth2,30200.00,662068.00,692268.00,662068,30200,328.00,356.00,684.00,356,328,0.00,0.00,0,0
1512038417,s3-eth2,221494.00,8604.00,230098.00,8604,221494,87.00,98.00,185.00,98,87,0.00,0.00,0,0
1512038417,s2-eth2,662068.00,30200.00,692268.00,30200,662068,356.00,328.00,684.00,328,356,0.00,0.00,0,0
1512038417,total,2227094.00,2439918.00,4667012.00,2439918,2227094,2251.00,2339.00,4590.00,2339,2251,0.00,0.00,0,0
1512038418,s1-eth3,1247796.00,73538.00,1321334.00,73538,1247796,784.00,783.00,1567.00,783,784,0.00,0.00,0,0
1512038418,s2-eth3,7830.00,187670.00,195500.00,187670,7830,85.00,101.00,186.00,101,85,0.00,0.00,0,0
1512038418,ens33,0.00,0.00,0.00,0,0,0.00,0.00,0.00,0,0,0.00,0.00,0,0
1512038418,s1-eth1,39996.00,174110.00,214106.00,174110,39996,426.00,115.00,541.00,115,426,0.00,0.00,0,0
1512038418,s3-eth1,8032.00,181746.00,189778.00,181746,8032,88.00,99.00,187.00,99,88,0.00,0.00,0,0
1512038418,s2-eth1,26202.00,555762.00,581964.00,555762,26202,279.00,325.00,604.00,325,279,0.00,0.00,0,0
1512038418,lo,804.00,804.00,1608.00,804,804,9.00,9.00,18.00,9,9,0.00,0.00,0,0
1512038418,s1-eth2,33728.00,889952.00,923680.00,889952,33728,360.00,474.00,834.00,474,360,0.00,0.00,0,0
1512038418,s3-eth2,187670.00,7830.00,195500.00,7830,187670,101.00,85.00,186.00,85,101,0.00,0.00,0,0
1512038418,s2-eth2,889952.00,33728.00,923680.00,33728,889952,474.00,360.00,834.00,360,474,0.00,0.00,0,0
1512038418,total,2442010.00,2105140.00,4547150.00,2105140,2442010,2606.00,2351.00,4957.00,2351,2606,0.00,0.00,0,0
1512038419,s1-eth3,1238160.00,56726.00,1294886.00,56726,1238160,616.00,617.00,1233.00,617,616,0.00,0.00,0,0
1512038419,s2-eth3,13056.00,269876.00,282932.00,269876,13056,152.00,118.00,270.00,118,152,0.00,0.00,0,0
1512038419,ens33,0.00,0.00,0.00,0,0,0.00,0.00,0.00,0,0,0.00,0.00,0,0
1512038419,s1-eth1,18376.00,967654.00,986030.00,967654,18376,196.00,335.00,531.00,335,196,0.00,0.00,0,0
1512038419,s3-eth1,12822.00,271390.00,284212.00,271390,12822,149.00,119.00,268.00,119,149,0.00,0.00,0,0
1512038419,s2-eth1,25308.00,544892.00,570200.00,544892,25308,270.00,270.00,540.00,270,270,0.00,0.00,0,0
1512038419,lo,1608.00,1608.00,3216.00,1608,1608,18.00,18.00,36.00,18,18,0.00,0.00,0,0
1512038419,s1-eth2,38498.00,816352.00,854850.00,816352,38498,423.00,390.00,813.00,390,423,0.00,0.00,0,0
1512038419,s3-eth2,269876.00,13056.00,282932.00,13056,269876,118.00,152.00,270.00,152,118,0.00,0.00,0,0
1512038419,s2-eth2,816352.00,38498.00,854850.00,38498,816352,390.00,423.00,813.00,423,390,0.00,0.00,0,0
1512038419,total,2434056.00,2980052.00,5414108.00,2980052,2434056,2332.00,2442.00,4774.00,2442,2332,0.00,0.00,0,0
1512038420,s1-eth3,1230900.00,42656.00,1273556.00,42656,1230900,528.00,526.00,1054.00,526,528,0.00,0.00,0,0
1512038420,s2-eth3,5254.00,115790.00,121044.00,115790,5254,73.00,65.00,138.00,65,73,0.00,0.00,0,0
1512038420,ens33,0.00,0.00,0.00,0,0,0.00,0.00,0.00,0,0,0.00,0.00,0,0
1512038420,s1-eth1,16122.00,808720.00,824842.00,808720,16122,203.00,428.00,631.00,428,203,0.00,0.00,0,0
1512038420,s3-eth1,5488.00,117168.00,122656.00,117168,5488,76.00,64.00,140.00,64,76,0.00,0.00,0,0
1512038420,s2-eth1,21968.00,398178.00,420146.00,398178,21968,258.00,241.00,499.00,241,258,0.00,0.00,0,0
1512038420,lo,804.00,804.00,1608.00,804,804,9.00,9.00,18.00,9,9,0.00,0.00,0,0
1512038420,s1-eth2,26843.16,516479.53,543322.69,516996,26870,326.67,307.69,634.37,308,327,0.00,0.00,0,0
1512038420,s3-eth2,115674.33,5248.75,120923.08,5254,115790,64.94,72.93,137.86,73,65,0.00,0.00,0,0
1512038420,s2-eth2,516479.53,26843.16,543322.69,26870,516996,307.69,326.67,634.37,327,308,0.00,0.00,0,0
1512038420,total,1936319.38,2028379.25,3964698.75,2032436,1940192,1843.31,2036.93,3880.24,2041,1847,0.00,0.00,0,0
1512038421,s1-eth3,1231934.12,34329.34,1266263.50,34398,1234398,557.88,478.04,1035.93,479,559,0.00,0.00,0,0
1512038421,s2-eth3,4154.69,109647.71,113802.40,109867,4163,60.88,60.88,121.76,61,61,0.00,0.00,0,0
1512038421,ens33,0.00,0.00,0.00,0,0,0.00,0.00,0.00,0,0,0.00,0.00,0,0
1512038421,s1-eth1,18465.07,341481.06,359946.12,342164,18502,233.53,225.55,459.08,226,234,0.00,0.00,0,0
1512038421,s3-eth1,4154.69,106489.02,110643.72,106702,4163,60.88,58.88,119.76,59,61,0.00,0.00,0,0
1512038421,s2-eth1,12590.82,290696.62,303287.44,291278,12616,186.63,178.64,365.27,179,187,0.00,0.00,0,0
1512038421,lo,976.05,976.05,1952.10,978,978,8.98,8.98,17.96,9,9,0.00,0.00,0,0
1512038421,s1-eth2,16153.85,397719.28,413873.12,398117,16170,244.76,237.76,482.52,238,245,0.00,0.00,0,0
1512038421,s3-eth2,109757.24,4158.84,113916.09,4163,109867,60.94,60.94,121.88,61,61,0.00,0.00,0,0
1512038421,s2-eth2,397719.28,16153.85,413873.12,16170,398117,237.76,244.76,482.52,245,238,0.00,0.00,0,0
1512038421,total,1798974.00,1303837.00,3102811.00,1303837,1798974,1655.00,1557.00,3212.00,1557,1655,0.00,0.00,0,0
1512038422,s1-eth3,1244638.00,67134.00,1311772.00,67134,1244638,754.00,751.00,1505.00,751,754,0.00,0.00,0,0
1512038422,s2-eth3,9367.00,101306.00,110673.00,101306,9367,101.00,65.00,166.00,65,101,0.00,0.00,0,0
1512038422,ens33,0.00,0.00,0.00,0,0,0.00,0.00,0.00,0,0,0.00,0.00,0,0
1512038422,s1-eth1,38943.00,596516.00,635459.00,596516,38943,427.00,394.00,821.00,394,427,0.00,0.00,0,0
1512038422,s3-eth1,9476.00,102820.00,112296.00,102820,9476,101.00,66.00,167.00,66,101,0.00,0.00,0,0
1512038422,s2-eth1,19211.00,240132.00,259343.00,240132,19211,225.00,150.00,375.00,150,225,0.00,0.00,0,0
1512038422,lo,978.00,978.00,1956.00,978,978,9.00,9.00,18.00,9,9,0.00,0.00,0,0
1512038422,s1-eth2,28431.00,344669.00,373100.00,344669,28431,325.00,218.00,543.00,218,325,0.00,0.00,0,0
1512038422,s3-eth2,101306.00,9367.00,110673.00,9367,101306,65.00,101.00,166.00,101,65,0.00,0.00,0,0
1512038422,s2-eth2,344669.00,28431.00,373100.00,28431,344669,218.00,325.00,543.00,325,218,0.00,0.00,0,0
1512038422,total,1797019.00,1491353.00,3288372.00,1491353,1797019,2225.00,2079.00,4304.00,2079,2225,0.00,0.00,0,0
1512038423,s1-eth3,1249249.00,62688.00,1311937.00,62688,1249249,804.00,780.00,1584.00,780,804,0.00,0.00,0,0
1512038423,s2-eth3,4306.00,109004.00,113310.00,109004,4306,55.00,50.00,105.00,50,55,0.00,0.00,0,0
1512038423,ens33,0.00,0.00,0.00,0,0,0.00,0.00,0.00,0,0,0.00,0.00,0,0
1512038423,s1-eth1,37716.00,582688.00,620404.00,582688,37716,482.00,360.00,842.00,360,482,0.00,0.00,0,0
1512038423,s3-eth1,4400.00,107490.00,111890.00,107490,4400,56.00,49.00,105.00,49,56,0.00,0.00,0,0
1512038423,s2-eth1,20834.00,270742.00,291576.00,270742,20834,243.00,175.00,418.00,175,243,0.00,0.00,0,0
1512038423,lo,0.00,0.00,0.00,0,0,0.00,0.00,0.00,0,0,0.00,0.00,0,0
1512038423,s1-eth2,25084.00,381260.00,406344.00,381260,25084,298.00,226.00,524.00,226,298,0.00,0.00,0,0
1512038423,s3-eth2,109004.00,4306.00,113310.00,4306,109004,50.00,55.00,105.00,55,50,0.00,0.00,0,0
1512038423,s2-eth2,381260.00,25084.00,406344.00,25084,381260,226.00,298.00,524.00,298,226,0.00,0.00,0,0
1512038423,total,1831853.00,1543262.00,3375115.00,1543262,1831853,2214.00,1993.00,4207.00,1993,2214,0.00,0.00,0,0
1512038424,s1-eth3,1244492.00,47850.00,1292342.00,47850,1244492,734.00,725.00,1459.00,725,734,0.00,0.00,0,0
1512038424,s2-eth3,2640.00,124470.00,127110.00,124470,2640,40.00,43.00,83.00,43,40,0.00,0.00,0,0
1512038424,ens33,0.00,0.00,0.00,0,0,0.00,0.00,0.00,0,0,0.00,0.00,0,0
1512038424,s1-eth1,29436.00,542392.00,571828.00,542392,29436,446.00,276.00,722.00,276,446,0.00,0.00,0,0
1512038424,s3-eth1,2640.00,124470.00,127110.00,124470,2640,40.00,43.00,83.00,43,40,0.00,0.00,0,0
1512038424,s2-eth1,15906.00,411070.00,426976.00,411070,15906,241.00,195.00,436.00,195,241,0.00,0.00,0,0
1512038424,lo,0.00,0.00,0.00,0,0,0.00,0.00,0.00,0,0,0.00,0.00,0,0
1512038424,s1-eth2,18480.00,534026.00,552506.00,534026,18480,280.00,237.00,517.00,237,280,0.00,0.00,0,0
1512038424,s3-eth2,124470.00,2640.00,127110.00,2640,124470,43.00,40.00,83.00,40,43,0.00,0.00,0,0
1512038424,s2-eth2,534026.00,18480.00,552506.00,18480,534026,237.00,280.00,517.00,280,237,0.00,0.00,0,0
1512038424,total,1972090.00,1805398.00,3777488.00,1805398,1972090,2061.00,1839.00,3900.00,1839,2061,0.00,0.00,0,0
1512038425,s1-eth3,1230830.00,33660.00,1264490.00,33660,1230830,527.00,510.00,1037.00,510,527,0.00,0.00,0,0
1512038425,s2-eth3,4422.00,202996.00,207418.00,202996,4422,67.00,70.00,137.00,70,67,0.00,0.00,0,0
1512038425,ens33,0.00,0.00,0.00,0,0,0.00,0.00,0.00,0,0,0.00,0.00,0,0
1512038425,s1-eth1,16500.00,632490.00,648990.00,632490,16500,250.00,237.00,487.00,237,250,0.00,0.00,0,0
1512038425,s3-eth1,4351.65,202793.22,207144.86,202996,4356,65.93,69.93,135.86,70,66,0.00,0.00,0,0
1512038425,s2-eth1,12725.28,399676.34,412401.62,400076,12738,192.81,181.82,374.63,182,193,0.00,0.00,0,0
1512038425,lo,0.00,0.00,0.00,0,0,0.00,0.00,0.00,0,0,0.00,0.00,0,0
1512038425,s1-eth2,17226.00,598662.00,615888.00,598662,17226,261.00,251.00,512.00,251,261,0.00,0.00,0,0
1512038425,s3-eth2,202996.00,4422.00,207418.00,4422,202996,70.00,67.00,137.00,67,70,0.00,0.00,0,0
1512038425,s2-eth2,598662.00,17226.00,615888.00,17226,598662,251.00,261.00,512.00,261,251,0.00,0.00,0,0
1512038425,total,2087730.00,2092528.00,4180258.00,2092528,2087730,1685.00,1648.00,3333.00,1648,1685,0.00,0.00,0,0
1512038426,s1-eth3,1228120.00,28974.00,1257094.00,28974,1228120,464.00,439.00,903.00,439,464,0.00,0.00,0,0
1512038426,s2-eth3,3234.00,148166.00,151400.00,148166,3234,49.00,51.00,100.00,51,49,0.00,0.00,0,0
1512038426,ens33,0.00,0.00,0.00,0,0,0.00,0.00,0.00,0,0,0.00,0.00,0,0
1512038426,s1-eth1,13860.00,651970.00,665830.00,651970,13860,210.00,225.00,435.00,225,210,0.00,0.00,0,0
1512038426,s3-eth1,3300.00,148166.00,151466.00,148166,3300,50.00,51.00,101.00,51,50,0.00,0.00,0,0
1512038426,s2-eth1,11880.00,432984.00,444864.00,432984,11880,180.00,176.00,356.00,176,180,0.00,0.00,0,0
1512038426,lo,516.00,516.00,1032.00,516,516,9.00,9.00,18.00,9,9,0.00,0.00,0,0
1512038426,s1-eth2,15048.00,584112.00,599160.00,584112,15048,228.00,228.00,456.00,228,228,0.00,0.00,0,0
1512038426,s3-eth2,148166.00,3234.00,151400.00,3234,148166,51.00,49.00,100.00,49,51,0.00,0.00,0,0
1512038426,s2-eth2,584112.00,15048.00,599160.00,15048,584112,228.00,228.00,456.00,228,228,0.00,0.00,0,0
1512038426,total,2008236.00,2013170.00,4021406.00,2013170,2008236,1469.00,1456.00,2925.00,1456,1469,0.00,0.00,0,0
1512038427,s1-eth3,1226734.00,28314.00,1255048.00,28314,1226734,443.00,429.00,872.00,429,443,0.00,0.00,0,0
1512038427,s2-eth3,3960.00,188186.00,192146.00,188186,3960,60.00,65.00,125.00,65,60,0.00,0.00,0,0
1512038427,ens33,0.00,0.00,0.00,0,0,0.00,0.00,0.00,0,0,0.00,0.00,0,0
1512038427,s1-eth1,12738.00,582330.00,595068.00,582330,12738,193.00,201.00,394.00,201,193,0.00,0.00,0,0
1512038427,s3-eth1,3960.00,188186.00,192146.00,188186,3960,60.00,65.00,125.00,65,60,0.00,0.00,0,0
1512038427,s2-eth1,11748.00,461878.00,473626.00,461878,11748,178.00,175.00,353.00,175,178,0.00,0.00,0,0
1512038427,lo,0.00,0.00,0.00,0,0,0.00,0.00,0.00,0,0,0.00,0.00,0,0
1512038427,s1-eth2,15642.00,650064.00,665706.00,650064,15642,237.00,240.00,477.00,240,237,0.00,0.00,0,0
1512038427,s3-eth2,188186.00,3960.00,192146.00,3960,188186,65.00,60.00,125.00,60,65,0.00,0.00,0,0
1512038427,s2-eth2,650064.00,15642.00,665706.00,15642,650064,240.00,237.00,477.00,237,240,0.00,0.00,0,0
1512038427,total,2113032.00,2118560.00,4231592.00,2118560,2113032,1476.00,1472.00,2948.00,1472,1476,0.00,0.00,0,0
1512038428,s1-eth3,1223178.00,26598.00,1249776.00,26598,1223178,433.00,403.00,836.00,403,433,0.00,0.00,0,0
1512038428,s2-eth3,4092.00,188186.00,192278.00,188186,4092,62.00,65.00,127.00,65,62,0.00,0.00,0,0
1512038428,ens33,0.00,0.00,0.00,0,0,0.00,0.00,0.00,0,0,0.00,0.00,0,0
1512038428,s1-eth1,14322.00,663818.00,678140.00,663818,14322,217.00,229.00,446.00,229,217,0.00,0.00,0,0
1512038428,s3-eth1,4092.00,191148.00,195240.00,191148,4092,62.00,66.00,128.00,66,62,0.00,0.00,0,0
1512038428,s2-eth1,8052.00,377820.00,385872.00,377820,8052,122.00,130.00,252.00,130,122,0.00,0.00,0,0
1512038428,lo,0.00,0.00,0.00,0,0,0.00,0.00,0.00,0,0,0.00,0.00,0,0
1512038428,s1-eth2,12276.00,568968.00,581244.00,568968,12276,186.00,196.00,382.00,196,186,0.00,0.00,0,0
1512038428,s3-eth2,188186.00,4092.00,192278.00,4092,188186,65.00,62.00,127.00,62,65,0.00,0.00,0,0
1512038428,s2-eth2,568968.00,12276.00,581244.00,12276,568968,196.00,186.00,382.00,186,196,0.00,0.00,0,0
1512038428,total,2023166.00,2032906.00,4056072.00,2032906,2023166,1343.00,1337.00,2680.00,1337,1343,0.00,0.00,0,0
1512038429,s1-eth3,1223900.00,26598.00,1250498.00,26598,1223900,422.00,403.00,825.00,403,422,0.00,0.00,0,0
1512038429,s2-eth3,3366.00,160014.00,163380.00,160014,3366,51.00,55.00,106.00,55,51,0.00,0.00,0,0
1512038429,ens33,0.00,0.00,0.00,0,0,0.00,0.00,0.00,0,0,0.00,0.00,0,0
1512038429,s1-eth1,13530.00,623798.00,637328.00,623798,13530,205.00,215.00,420.00,215,205,0.00,0.00,0,0
1512038429,s3-eth1,3366.00,157052.00,160418.00,157052,3366,51.00,54.00,105.00,54,51,0.00,0.00,0,0
1512038429,s2-eth1,9768.00,451936.00,461704.00,451936,9768,148.00,156.00,304.00,156,148,0.00,0.00,0,0
1512038429,lo,0.00,0.00,0.00,0,0,0.00,0.00,0.00,0,0,0.00,0.00,0,0
1512038429,s1-eth2,13068.00,608988.00,622056.00,608988,13068,198.00,210.00,408.00,210,198,0.00,0.00,0,0
1512038429,s3-eth2,160014.00,3366.00,163380.00,3366,160014,55.00,51.00,106.00,51,55,0.00,0.00,0,0
1512038429,s2-eth2,608988.00,13068.00,622056.00,13068,608988,210.00,198.00,408.00,198,210,0.00,0.00,0,0
1512038429,total,2036000.00,2044820.00,4080820.00,2044820,2036000,1340.00,1342.00,2682.00,1342,1340,0.00,0.00,0,0
1512038430,s1-eth3,1223900.00,26664.00,1250564.00,26664,1223900,422.00,404.00,826.00,404,422,0.00,0.00,0,0
1512038430,s2-eth3,4620.00,208920.00,213540.00,208920,4620,70.00,72.00,142.00,72,70,0.00,0.00,0,0
1512038430,ens33,0.00,0.00,0.00,0,0,0.00,0.00,0.00,0,0,0.00,0.00,0,0
1512038430,s1-eth1,13134.00,606026.00,619160.00,606026,13134,199.00,209.00,408.00,209,199,0.00,0.00,0,0
1512038430,s3-eth1,4554.00,211882.00,216436.00,211882,4554,69.00,73.00,142.00,73,69,0.00,0.00,0,0
1512038430,s2-eth1,8910.00,410468.00,419378.00,410468,8910,135.00,142.00,277.00,142,135,0.00,0.00,0,0
1512038430,lo,0.00,0.00,0.00,0,0,0.00,0.00,0.00,0,0,0.00,0.00,0,0
1512038430,s1-eth2,13530.00,617874.00,631404.00,617874,13530,205.00,213.00,418.00,213,205,0.00,0.00,0,0
1512038430,s3-eth2,208920.00,4620.00,213540.00,4620,208920,72.00,70.00,142.00,70,72,0.00,0.00,0,0
1512038430,s2-eth2,617874.00,13530.00,631404.00,13530,617874,213.00,205.00,418.00,205,213,0.00,0.00,0,0
1512038430,total,2095442.00,2099984.00,4195426.00,2099984,2095442,1385.00,1388.00,2773.00,1388,1385,0.00,0.00,0,0
1512038431,s1-eth3,1225414.00,26664.00,1252078.00,26664,1225414,423.00,404.00,827.00,404,423,0.00,0.00,0,0
1512038431,s2-eth3,3304.00,152642.00,155946.00,152642,3304,50.00,53.00,103.00,53,50,0.00,0.00,0,0
1512038431,ens33,0.00,0.00,0.00,0,0,0.00,0.00,0.00,0,0,0.00,0.00,0,0
1512038431,s1-eth1,14128.00,649008.00,663136.00,649008,14128,214.00,224.00,438.00,224,214,0.00,0.00,0,0
1512038431,s3-eth1,3370.00,152642.00,156012.00,152642,3370,51.00,53.00,104.00,53,51,0.00,0.00,0,0
1512038431,s2-eth1,9372.00,432720.00,442092.00,432720,9372,142.00,150.00,292.00,150,142,0.00,0.00,0,0
1512038431,lo,1320.00,1320.00,2640.00,1320,1320,18.00,18.00,36.00,18,18,0.00,0.00,0,0
1512038431,s1-eth2,12606.00,586876.00,599482.00,586876,12606,191.00,204.00,395.00,204,191,0.00,0.00,0,0
1512038431,s3-eth2,152642.00,3304.00,155946.00,3304,152642,53.00,50.00,103.00,50,53,0.00,0.00,0,0
1512038431,s2-eth2,586876.00,12606.00,599482.00,12606,586876,204.00,191.00,395.00,191,204,0.00,0.00,0,0
1512038431,total,2009032.00,2017782.00,4026814.00,2017782,2009032,1346.00,1347.00,2693.00,1347,1346,0.00,0.00,0,0
1512038432,s1-eth3,1223970.00,26664.00,1250634.00,26664,1223970,423.00,404.00,827.00,404,423,0.00,0.00,0,0
1512038432,s2-eth3,4950.00,229654.00,234604.00,229654,4950,75.00,79.00,154.00,79,75,0.00,0.00,0,0
1512038432,ens33,0.00,0.00,0.00,0,0,0.00,0.00,0.00,0,0,0.00,0.00,0,0
1512038432,s1-eth1,12474.00,571930.00,584404.00,571930,12474,189.00,197.00,386.00,197,189,0.00,0.00,0,0
1512038432,s3-eth1,4950.00,229654.00,234604.00,229654,4950,75.00,79.00,154.00,79,75,0.00,0.00,0,0
1512038432,s2-eth1,9240.00,423764.00,433004.00,423764,9240,140.00,146.00,286.00,146,140,0.00,0.00,0,0
1512038432,lo,0.00,0.00,0.00,0,0,0.00,0.00,0.00,0,0,0.00,0.00,0,0
1512038432,s1-eth2,14190.00,650456.00,664646.00,650456,14190,215.00,224.00,439.00,224,215,0.00,0.00,0,0
1512038432,s3-eth2,229654.00,4950.00,234604.00,4950,229654,79.00,75.00,154.00,75,79,0.00,0.00,0,0
1512038432,s2-eth2,650456.00,14190.00,664646.00,14190,650456,224.00,215.00,439.00,215,224,0.00,0.00,0,0
1512038432,total,2149884.00,2151262.00,4301146.00,2151262,2149884,1420.00,1419.00,2839.00,1419,1420,0.00,0.00,0,0
1512038433,s1-eth3,1225414.00,26664.00,1252078.00,26664,1225414,423.00,404.00,827.00,404,423,0.00,0.00,0,0
1512038433,s2-eth3,3172.00,148166.00,151338.00,148166,3172,48.00,51.00,99.00,51,48,0.00,0.00,0,0
1512038433,ens33,0.00,0.00,0.00,0,0,0.00,0.00,0.00,0,0,0.00,0.00,0,0
1512038433,s1-eth1,14388.00,660926.00,675314.00,660926,14388,218.00,229.00,447.00,229,218,0.00,0.00,0,0
1512038433,s3-eth1,3172.00,145204.00,148376.00,145204,3172,48.00,50.00,98.00,50,48,0.00,0.00,0,0
1512038433,s2-eth1,9310.00,425278.00,434588.00,425278,9310,141.00,147.00,288.00,147,141,0.00,0.00,0,0
1512038433,lo,804.00,804.00,1608.00,804,804,9.00,9.00,18.00,9,9,0.00,0.00,0,0
1512038433,s1-eth2,12346.00,579368.00,591714.00,579368,12346,187.00,200.00,387.00,200,187,0.00,0.00,0,0
1512038433,s3-eth2,148166.00,3172.00,151338.00,3172,148166,51.00,48.00,99.00,48,51,0.00,0.00,0,0
1512038433,s2-eth2,579368.00,12346.00,591714.00,12346,579368,200.00,187.00,387.00,187,200,0.00,0.00,0,0
1512038433,total,1996140.00,2001928.00,3998068.00,2001928,1996140,1325.00,1325.00,2650.00,1325,1325,0.00,0.00,0,0
1512038434,s1-eth3,1224040.00,26598.00,1250638.00,26598,1224040,424.00,403.00,827.00,403,424,0.00,0.00,0,0
1512038434,s2-eth3,5082.00,237162.00,242244.00,237162,5082,77.00,83.00,160.00,83,77,0.00,0.00,0,0
1512038434,ens33,0.00,0.00,0.00,0,0,0.00,0.00,0.00,0,0,0.00,0.00,0,0
1512038434,s1-eth1,12214.00,564558.00,576772.00,564558,12214,185.00,195.00,380.00,195,185,0.00,0.00,0,0
1512038434,s3-eth1,5082.00,237162.00,242244.00,237162,5082,77.00,83.00,160.00,83,77,0.00,0.00,0,0
1512038434,s2-eth1,9376.00,429688.00,439064.00,429688,9376,142.00,148.00,290.00,148,142,0.00,0.00,0,0
1512038434,lo,804.00,804.00,1608.00,804,804,9.00,9.00,18.00,9,9,0.00,0.00,0,0
1512038434,s1-eth2,14454.00,660926.00,675380.00,660926,14454,219.00,229.00,448.00,229,219,0.00,0.00,0,0
1512038434,s3-eth2,237162.00,5082.00,242244.00,5082,237162,83.00,77.00,160.00,77,83,0.00,0.00,0,0
1512038434,s2-eth2,660926.00,14454.00,675380.00,14454,660926,229.00,219.00,448.00,219,229,0.00,0.00,0,0
1512038434,total,2169140.00,2176434.00,4345574.00,2176434,2169140,1445.00,1446.00,2891.00,1446,1445,0.00,0.00,0,0
1512038435,s1-eth3,1223900.00,26664.00,1250564.00,26664,1223900,422.00,404.00,826.00,404,422,0.00,0.00,0,0
1512038435,s2-eth3,3300.00,151128.00,154428.00,151128,3300,50.00,52.00,102.00,52,50,0.00,0.00,0,0
1512038435,ens33,0.00,0.00,0.00,0,0,0.00,0.00,0.00,0,0,0.00,0.00,0,0
1512038435,s1-eth1,14388.00,666780.00,681168.00,666780,14388,218.00,230.00,448.00,230,218,0.00,0.00,0,0
1512038435,s3-eth1,3300.00,151128.00,154428.00,151128,3300,50.00,52.00,102.00,52,50,0.00,0.00,0,0
1512038435,s2-eth1,9046.00,417840.00,426886.00,417840,9046,137.00,144.00,281.00,144,137,0.00,0.00,0,0
1512038435,lo,0.00,0.00,0.00,0,0,0.00,0.00,0.00,0,0,0.00,0.00,0,0
1512038435,s1-eth2,12276.00,571930.00,584206.00,571930,12276,186.00,197.00,383.00,197,186,0.00,0.00,0,0
1512038435,s3-eth2,151128.00,3300.00,154428.00,3300,151128,52.00,50.00,102.00,50,52,0.00,0.00,0,0
1512038435,s2-eth2,571930.00,12276.00,584206.00,12276,571930,197.00,186.00,383.00,186,197,0.00,0.00,0,0
1512038435,total,1989268.00,2001046.00,3990314.00,2001046,1989268,1312.00,1315.00,2627.00,1315,1312,0.00,0.00,0,0
1512038436,s1-eth3,1222522.00,26664.00,1249186.00,26664,1222522,423.00,404.00,827.00,404,423,0.00,0.00,0,0
1512038436,s2-eth3,5016.00,228206.00,233222.00,228206,5016,76.00,79.00,155.00,79,76,0.00,0.00,0,0
1512038436,ens33,0.00,0.00,0.00,0,0,0.00,0.00,0.00,0,0,0.00,0.00,0,0
1512038436,s1-eth1,12210.00,560082.00,572292.00,560082,12210,185.00,193.00,378.00,193,185,0.00,0.00,0,0
1512038436,s3-eth1,5016.00,231168.00,236184.00,231168,5016,76.00,80.00,156.00,80,76,0.00,0.00,0,0
1512038436,s2-eth1,9372.00,431202.00,440574.00,431202,9372,142.00,149.00,291.00,149,142,0.00,0.00,0,0
1512038436,lo,0.00,0.00,0.00,0,0,0.00,0.00,0.00,0,0,0.00,0.00,0,0
1512038436,s1-eth2,14454.00,662370.00,676824.00,662370,14454,219.00,229.00,448.00,229,219,0.00,0.00,0,0
1512038436,s3-eth2,228206.00,5016.00,233222.00,5016,228206,79.00,76.00,155.00,76,79,0.00,0.00,0,0
1512038436,s2-eth2,662370.00,14454.00,676824.00,14454,662370,229.00,219.00,448.00,219,229,0.00,0.00,0,0
1512038436,total,2159166.00,2159162.00,4318328.00,2159162,2159166,1429.00,1429.00,2858.00,1429,1429,0.00,0.00,0,0
1512038437,s1-eth3,1224103.00,26734.00,1250837.00,26734,1224103,423.00,405.00,828.00,405,423,0.00,0.00,0,0
1512038437,s2-eth3,4043.00,175027.00,179070.00,175027,4043,59.00,61.00,120.00,61,59,0.00,0.00,0,0
1512038437,ens33,0.00,0.00,0.00,0,0,0.00,0.00,0.00,0,0,0.00,0.00,0,0
1512038437,s1-eth1,15004.00,660856.00,675860.00,660856,15004,223.00,228.00,451.00,228,223,0.00,0.00,0,0
1512038437,s3-eth1,4316.00,171862.00,176178.00,171862,4316,61.00,59.00,120.00,59,61,0.00,0.00,0,0
1512038437,s2-eth1,9258.00,405992.00,415250.00,405992,9258,136.00,140.00,276.00,140,136,0.00,0.00,0,0
1512038437,lo,2802.00,2802.00,5604.00,2802,2802,29.00,29.00,58.00,29,29,0.00,0.00,0,0
1512038437,s1-eth2,12416.00,578127.00,590543.00,578127,12416,188.00,201.00,389.00,201,188,0.00,0.00,0,0
1512038437,s3-eth2,175027.00,4043.00,179070.00,4043,175027,61.00,59.00,120.00,59,61,0.00,0.00,0,0
1512038437,s2-eth2,578127.00,12416.00,590543.00,12416,578127,201.00,188.00,389.00,188,201,0.00,0.00,0,0
1512038437,total,2025096.00,2037859.00,4062955.00,2037859,2025096,1381.00,1370.00,2751.00,1370,1381,0.00,0.00,0,0
1512038438,s1-eth3,1224376.00,26664.00,1251040.00,26664,1224376,425.00,404.00,829.00,404,425,0.00,0.00,0,0
1512038438,s2-eth3,5021.00,216358.00,221379.00,216358,5021,74.00,75.00,149.00,75,74,0.00,0.00,0,0
1512038438,ens33,0.00,0.00,0.00,0,0,0.00,0.00,0.00,0,0,0.00,0.00,0,0
1512038438,s1-eth1,12413.00,561596.00,574009.00,561596,12413,186.00,194.00,380.00,194,186,0.00,0.00,0,0
1512038438,s3-eth1,4955.00,219320.00,224275.00,219320,4955,73.00,76.00,149.00,76,73,0.00,0.00,0,0
1512038438,s2-eth1,9839.00,441536.00,451375.00,441536,9839,147.00,152.00,299.00,152,147,0.00,0.00,0,0
1512038438,lo,978.00,978.00,1956.00,978,978,9.00,9.00,18.00,9,9,0.00,0.00,0,0
1512038438,s1-eth2,14657.00,661059.00,675716.00,661059,14657,220.00,229.00,449.00,229,220,0.00,0.00,0,0
1512038438,s3-eth2,216358.00,5021.00,221379.00,5021,216358,75.00,74.00,149.00,74,75,0.00,0.00,0,0
1512038438,s2-eth2,661059.00,14657.00,675716.00,14657,661059,229.00,220.00,449.00,220,229,0.00,0.00,0,0
1512038438,total,2149656.00,2147189.00,4296845.00,2147189,2149656,1438.00,1433.00,2871.00,1433,1438,0.00,0.00,0,0
1512038439,s1-eth3,1223900.00,26664.00,1250564.00,26664,1223900,422.00,404.00,826.00,404,422,0.00,0.00,0,0
1512038439,s2-eth3,4158.00,200104.00,204262.00,200104,4158,63.00,70.00,133.00,70,63,0.00,0.00,0,0
1512038439,ens33,0.00,0.00,0.00,0,0,0.00,0.00,0.00,0,0,0.00,0.00,0,0
1512038439,s1-eth1,13996.00,641570.00,655566.00,641570,13996,212.00,221.00,433.00,221,212,0.00,0.00,0,0
1512038439,s3-eth1,4224.00,197072.00,201296.00,197072,4224,64.00,68.00,132.00,68,64,0.00,0.00,0,0
1512038439,s2-eth1,8716.00,400068.00,408784.00,400068,8716,132.00,138.00,270.00,138,132,0.00,0.00,0,0
1512038439,lo,536.00,536.00,1072.00,536,536,6.00,6.00,12.00,6,6,0.00,0.00,0,0
1512038439,s1-eth2,12738.00,595696.00,608434.00,595696,12738,193.00,206.00,399.00,206,193,0.00,0.00,0,0
1512038439,s3-eth2,200104.00,4158.00,204262.00,4158,200104,70.00,63.00,133.00,63,70,0.00,0.00,0,0
1512038439,s2-eth2,595696.00,12738.00,608434.00,12738,595696,206.00,193.00,399.00,193,206,0.00,0.00,0,0
1512038439,total,2064068.00,2078606.00,4142674.00,2078606,2064068,1368.00,1369.00,2737.00,1369,1368,0.00,0.00,0,0
1512038440,s1-eth3,1225484.00,26748.00,1252232.00,26748,1225484,424.00,406.00,830.00,406,424,0.00,0.00,0,0
1512038440,s2-eth3,4158.00,180748.00,184906.00,180748,4158,63.00,62.00,125.00,62,63,0.00,0.00,0,0
1512038440,ens33,0.00,0.00,0.00,0,0,0.00,0.00,0.00,0,0,0.00,0.00,0,0
1512038440,s1-eth1,12714.00,585292.00,598006.00,585292,12714,193.00,202.00,395.00,202,193,0.00,0.00,0,0
1512038440,s3-eth1,4092.00,183710.00,187802.00,183710,4092,62.00,63.00,125.00,63,62,0.00,0.00,0,0
1512038440,s2-eth1,9768.00,451936.00,461704.00,451936,9768,148.00,156.00,304.00,156,148,0.00,0.00,0,0
1512038440,lo,888.00,888.00,1776.00,888,888,9.00,9.00,18.00,9,9,0.00,0.00,0,0
1512038440,s1-eth2,14034.00,634198.00,648232.00,634198,14034,213.00,219.00,432.00,219,213,0.00,0.00,0,0
1512038440,s3-eth2,180748.00,4158.00,184906.00,4158,180748,62.00,63.00,125.00,63,62,0.00,0.00,0,0
1512038440,s2-eth2,634198.00,14034.00,648232.00,14034,634198,219.00,213.00,432.00,213,219,0.00,0.00,0,0
1512038440,total,2086084.00,2081712.00,4167796.00,2081712,2086084,1393.00,1393.00,2786.00,1393,1393,0.00,0.00,0,0
1512038441,s1-eth3,1222578.00,26706.00,1249284.00,26706,1222578,425.00,405.00,830.00,405,425,0.00,0.00,0,0
1512038441,s2-eth3,4794.00,228248.00,233042.00,228248,4794,73.00,80.00,153.00,80,73,0.00,0.00,0,0
1512038441,ens33,0.00,0.00,0.00,0,0,0.00,0.00,0.00,0,0,0.00,0.00,0,0
1512038441,s1-eth1,13002.00,597182.00,610184.00,597182,13002,197.00,207.00,404.00,207,197,0.00,0.00,0,0
1512038441,s3-eth1,4860.00,225286.00,230146.00,225286,4860,74.00,79.00,153.00,79,74,0.00,0.00,0,0
1512038441,s2-eth1,9018.00,408996.00,418014.00,408996,9018,137.00,142.00,279.00,142,137,0.00,0.00,0,0
1512038441,lo,2612.00,2612.00,5224.00,2612,2612,26.00,26.00,52.00,26,26,0.00,0.00,0,0
1512038441,s1-eth2,13704.00,640206.00,653910.00,640206,13704,208.00,223.00,431.00,223,208,0.00,0.00,0,0
1512038441,s3-eth2,228248.00,4794.00,233042.00,4794,228248,80.00,73.00,153.00,73,80,0.00,0.00,0,0
1512038441,s2-eth2,640206.00,13704.00,653910.00,13704,640206,223.00,208.00,431.00,208,223,0.00,0.00,0,0
1512038441,total,2139022.00,2147734.00,4286756.00,2147734,2139022,1443.00,1443.00,2886.00,1443,1443,0.00,0.00,0,0
1512038442,s1-eth3,1223900.00,26664.00,1250564.00,26664,1223900,422.00,404.00,826.00,404,422,0.00,0.00,0,0
1512038442,s2-eth3,3564.00,165938.00,169502.00,165938,3564,54.00,57.00,111.00,57,54,0.00,0.00,0,0
1512038442,ens33,0.00,0.00,0.00,0,0,0.00,0.00,0.00,0,0,0.00,0.00,0,0
1512038442,s1-eth1,13728.00,635646.00,649374.00,635646,13728,208.00,219.00,427.00,219,208,0.00,0.00,0,0
1512038442,s3-eth1,3564.00,165938.00,169502.00,165938,3564,54.00,57.00,111.00,57,54,0.00,0.00,0,0
1512038442,s2-eth1,9372.00,434164.00,443536.00,434164,9372,142.00,150.00,292.00,150,142,0.00,0.00,0,0
1512038442,lo,0.00,0.00,0.00,0,0,0.00,0.00,0.00,0,0,0.00,0.00,0,0
1512038442,s1-eth2,13002.00,597140.00,610142.00,597140,13002,197.00,206.00,403.00,206,197,0.00,0.00,0,0
1512038442,s3-eth2,165938.00,3564.00,169502.00,3564,165938,57.00,54.00,111.00,54,57,0.00,0.00,0,0
1512038442,s2-eth2,597140.00,13002.00,610142.00,13002,597140,206.00,197.00,403.00,197,206,0.00,0.00,0,0
1512038442,total,2030208.00,2042056.00,4072264.00,2042056,2030208,1340.00,1344.00,2684.00,1344,1340,0.00,0.00,0,0
1512038443,s1-eth3,1223900.00,26664.00,1250564.00,26664,1223900,422.00,404.00,826.00,404,422,0.00,0.00,0,0
1512038443,s2-eth3,5280.00,240054.00,245334.00,240054,5280,80.00,83.00,163.00,83,80,0.00,0.00,0,0
1512038443,ens33,0.00,0.00,0.00,0,0,0.00,0.00,0.00,0,0,0.00,0.00,0,0
1512038443,s1-eth1,12012.00,552710.00,564722.00,552710,12012,182.00,191.00,373.00,191,182,0.00,0.00,0,0
1512038443,s3-eth1,5280.00,245978.00,251258.00,245978,5280,80.00,85.00,165.00,85,80,0.00,0.00,0,0
1512038443,s2-eth1,9306.00,432650.00,441956.00,432650,9306,141.00,149.00,290.00,149,141,0.00,0.00,0,0
1512038443,lo,0.00,0.00,0.00,0,0,0.00,0.00,0.00,0,0,0.00,0.00,0,0
1512038443,s1-eth2,14586.00,672704.00,687290.00,672704,14586,221.00,232.00,453.00,232,221,0.00,0.00,0,0
1512038443,s3-eth2,243016.00,5280.00,248296.00,5280,243016,84.00,80.00,164.00,80,84,0.00,0.00,0,0
1512038443,s2-eth2,672704.00,14586.00,687290.00,14586,672704,232.00,221.00,453.00,221,232,0.00,0.00,0,0
1512038443,total,2186084.00,2190626.00,4376710.00,2190626,2186084,1442.00,1445.00,2887.00,1445,1442,0.00,0.00,0,0
1512038444,s1-eth3,1225414.00,26664.00,1252078.00,26664,1225414,423.00,404.00,827.00,404,423,0.00,0.00,0,0
1512038444,s2-eth3,4224.00,197072.00,201296.00,197072,4224,64.00,68.00,132.00,68,64,0.00,0.00,0,0
1512038444,ens33,0.00,0.00,0.00,0,0,0.00,0.00,0.00,0,0,0.00,0.00,0,0
1512038444,s1-eth1,14190.00,654932.00,669122.00,654932,14190,215.00,226.00,441.00,226,215,0.00,0.00,0,0
1512038444,s3-eth1,4224.00,191148.00,195372.00,191148,4224,64.00,66.00,130.00,66,64,0.00,0.00,0,0
1512038444,s2-eth1,8250.00,379334.00,387584.00,379334,8250,125.00,131.00,256.00,131,125,0.00,0.00,0,0
1512038444,lo,0.00,0.00,0.00,0,0,0.00,0.00,0.00,0,0,0.00,0.00,0,0
1512038444,s1-eth2,12474.00,579368.00,591842.00,579368,12474,189.00,200.00,389.00,200,189,0.00,0.00,0,0
1512038444,s3-eth2,194110.00,4224.00,198334.00,4224,194110,67.00,64.00,131.00,64,67,0.00,0.00,0,0
1512038444,s2-eth2,579368.00,12474.00,591842.00,12474,579368,200.00,189.00,389.00,189,200,0.00,0.00,0,0
1512038444,total,2042254.00,2045216.00,4087470.00,2045216,2042254,1347.00,1348.00,2695.00,1348,1347,0.00,0.00,0,0
1512038445,s1-eth3,1225414.00,26664.00,1252078.00,26664,1225414,423.00,404.00,827.00,404,423,0.00,0.00,0,0
1512038445,s2-eth3,4224.00,191148.00,195372.00,191148,4224,64.00,66.00,130.00,66,64,0.00,0.00,0,0
1512038445,ens33,0.00,0.00,0.00,0,0,0.00,0.00,0.00,0,0,0.00,0.00,0,0
1512038445,s1-eth1,12210.00,563044.00,575254.00,563044,12210,185.00,194.00,379.00,194,185,0.00,0.00,0,0
1512038445,s3-eth1,4026.00,191148.00,195174.00,191148,4026,61.00,66.00,127.00,66,61,0.00,0.00,0,0
1512038445,s2-eth1,10230.00,475632.00,485862.00,475632,10230,155.00,164.00,319.00,164,155,0.00,0.00,0,0
1512038445,lo,0.00,0.00,0.00,0,0,0.00,0.00,0.00,0,0,0.00,0.00,0,0
1512038445,s1-eth2,14454.00,662304.00,676758.00,662304,14454,219.00,228.00,447.00,228,219,0.00,0.00,0,0
1512038445,s3-eth2,191148.00,4224.00,195372.00,4224,191148,66.00,64.00,130.00,64,66,0.00,0.00,0,0
1512038445,s2-eth2,662304.00,14454.00,676758.00,14454,662304,228.00,219.00,447.00,219,228,0.00,0.00,0,0
1512038445,total,2124010.00,2128618.00,4252628.00,2128618,2124010,1401.00,1405.00,2806.00,1405,1401,0.00,0.00,0,0
1512038446,s1-eth3,1222386.00,26664.00,1249050.00,26664,1222386,421.00,404.00,825.00,404,421,0.00,0.00,0,0
1512038446,s2-eth3,5148.00,247426.00,252574.00,247426,5148,78.00,85.00,163.00,85,78,0.00,0.00,0,0
1512038446,ens33,0.00,0.00,0.00,0,0,0.00,0.00,0.00,0,0,0.00,0.00,0,0
1512038446,s1-eth1,13068.00,603064.00,616132.00,603064,13068,198.00,208.00,406.00,208,198,0.00,0.00,0,0
1512038446,s3-eth1,5346.00,247426.00,252772.00,247426,5346,81.00,85.00,166.00,85,81,0.00,0.00,0,0
1512038446,s2-eth1,8448.00,385258.00,393706.00,385258,8448,128.00,133.00,261.00,133,128,0.00,0.00,0,0
1512038446,lo,516.00,516.00,1032.00,516,516,9.00,9.00,18.00,9,9,0.00,0.00,0,0
1512038446,s1-eth2,13596.00,634198.00,647794.00,634198,13596,206.00,219.00,425.00,219,206,0.00,0.00,0,0
1512038446,s3-eth2,247426.00,5148.00,252574.00,5148,247426,85.00,78.00,163.00,78,85,0.00,0.00,0,0
1512038446,s2-eth2,634198.00,13596.00,647794.00,13596,634198,219.00,206.00,425.00,206,219,0.00,0.00,0,0
1512038446,total,2150132.00,2163296.00,4313428.00,2163296,2150132,1425.00,1427.00,2852.00,1427,1425,0.00,0.00,0,0
1512038447,s1-eth3,1225414.00,26664.00,1252078.00,26664,1225414,423.00,404.00,827.00,404,423,0.00,0.00,0,0
1512038447,s2-eth3,4092.00,188186.00,192278.00,188186,4092,62.00,65.00,127.00,65,62,0.00,0.00,0,0
1512038447,ens33,0.00,0.00,0.00,0,0,0.00,0.00,0.00,0,0,0.00,0.00,0,0
1512038447,s1-eth1,13398.00,614912.00,628310.00,614912,13398,203.00,212.00,415.00,212,203,0.00,0.00,0,0
1512038447,s3-eth1,4092.00,191148.00,195240.00,191148,4092,62.00,66.00,128.00,66,62,0.00,0.00,0,0
1512038447,s2-eth1,9108.00,420802.00,429910.00,420802,9108,138.00,145.00,283.00,145,138,0.00,0.00,0,0
1512038447,lo,0.00,0.00,0.00,0,0,0.00,0.00,0.00,0,0,0.00,0.00,0,0
1512038447,s1-eth2,13200.00,608988.00,622188.00,608988,13200,200.00,210.00,410.00,210,200,0.00,0.00,0,0
1512038447,s3-eth2,188186.00,4092.00,192278.00,4092,188186,65.00,62.00,127.00,62,65,0.00,0.00,0,0
1512038447,s2-eth2,608988.00,13200.00,622188.00,13200,608988,210.00,200.00,410.00,200,210,0.00,0.00,0,0
1512038447,total,2066478.00,2067992.00,4134470.00,2067992,2066478,1363.00,1364.00,2727.00,1364,1363,0.00,0.00,0,0
1512038448,s1-eth3,1223900.00,26664.00,1250564.00,26664,1223900,422.00,404.00,826.00,404,422,0.00,0.00,0,0
1512038448,s2-eth3,4686.00,208920.00,213606.00,208920,4686,71.00,72.00,143.00,72,71,0.00,0.00,0,0
1512038448,ens33,0.00,0.00,0.00,0,0,0.00,0.00,0.00,0,0,0.00,0.00,0,0
1512038448,s1-eth1,11946.00,551196.00,563142.00,551196,11946,181.00,190.00,371.00,190,181,0.00,0.00,0,0
1512038448,s3-eth1,4620.00,208920.00,213540.00,208920,4620,70.00,72.00,142.00,72,70,0.00,0.00,0,0
1512038448,s2-eth1,10032.00,463784.00,473816.00,463784,10032,152.00,160.00,312.00,160,152,0.00,0.00,0,0
1512038448,lo,0.00,0.00,0.00,0,0,0.00,0.00,0.00,0,0,0.00,0.00,0,0
1512038448,s1-eth2,14718.00,672704.00,687422.00,672704,14718,223.00,232.00,455.00,232,223,0.00,0.00,0,0
1512038448,s3-eth2,208920.00,4686.00,213606.00,4686,208920,72.00,71.00,143.00,71,72,0.00,0.00,0,0
1512038448,s2-eth2,672704.00,14718.00,687422.00,14718,672704,232.00,223.00,455.00,223,232,0.00,0.00,0,0
1512038448,total,2151526.00,2151592.00,4303118.00,2151592,2151526,1423.00,1424.00,2847.00,1424,1423,0.00,0.00,0,0
1512038449,s1-eth3,1223900.00,26730.00,1250630.00,26730,1223900,422.00,405.00,827.00,405,422,0.00,0.00,0,0
1512038449,s2-eth3,4950.00,237092.00,242042.00,237092,4950,75.00,82.00,157.00,82,75,0.00,0.00,0,0
1512038449,ens33,0.00,0.00,0.00,0,0,0.00,0.00,0.00,0,0,0.00,0.00,0,0
1512038449,s1-eth1,13596.00,625312.00,638908.00,625312,13596,206.00,216.00,422.00,216,206,0.00,0.00,0,0
1512038449,s3-eth1,5016.00,234130.00,239146.00,234130,5016,76.00,81.00,157.00,81,76,0.00,0.00,0,0
1512038449,s2-eth1,8250.00,379334.00,387584.00,379334,8250,125.00,131.00,256.00,131,125,0.00,0.00,0,0
1512038449,lo,0.00,0.00,0.00,0,0,0.00,0.00,0.00,0,0,0.00,0.00,0,0
1512038449,s1-eth2,13200.00,616426.00,629626.00,616426,13200,200.00,213.00,413.00,213,200,0.00,0.00,0,0
1512038449,s3-eth2,237092.00,4950.00,242042.00,4950,237092,82.00,75.00,157.00,75,82,0.00,0.00,0,0
1512038449,s2-eth2,616426.00,13200.00,629626.00,13200,616426,213.00,200.00,413.00,200,213,0.00,0.00,0,0
1512038449,total,2122430.00,2137174.00,4259604.00,2137174,2122430,1399.00,1403.00,2802.00,1403,1399,0.00,0.00,0,0
1512038450,s1-eth3,1223900.00,26664.00,1250564.00,26664,1223900,422.00,404.00,826.00,404,422,0.00,0.00,0,0
1512038450,s2-eth3,4224.00,191148.00,195372.00,191148,4224,64.00,66.00,130.00,66,64,0.00,0.00,0,0
1512038450,ens33,0.00,0.00,0.00,0,0,0.00,0.00,0.00,0,0,0.00,0.00,0,0
1512038450,s1-eth1,12870.00,597140.00,610010.00,597140,12870,195.00,206.00,401.00,206,195,0.00,0.00,0,0
1512038450,s3-eth1,4224.00,194110.00,198334.00,194110,4224,64.00,67.00,131.00,67,64,0.00,0.00,0,0
1512038450,s2-eth1,9438.00,435612.00,445050.00,435612,9438,143.00,150.00,293.00,150,143,0.00,0.00,0,0
1512038450,lo,0.00,0.00,0.00,0,0,0.00,0.00,0.00,0,0,0.00,0.00,0,0
1512038450,s1-eth2,13728.00,623798.00,637526.00,623798,13728,208.00,215.00,423.00,215,208,0.00,0.00,0,0
1512038450,s3-eth2,191148.00,4224.00,195372.00,4224,191148,66.00,64.00,130.00,64,66,0.00,0.00,0,0
1512038450,s2-eth2,623798.00,13728.00,637526.00,13728,623798,215.00,208.00,423.00,208,215,0.00,0.00,0,0
1512038450,total,2083330.00,2086424.00,4169754.00,2086424,2083330,1377.00,1380.00,2757.00,1380,1377,0.00,0.00,0,0
1512038451,s1-eth3,1223966.00,26598.00,1250564.00,26598,1223966,423.00,403.00,826.00,403,423,0.00,0.00,0,0
1512038451,s2-eth3,4686.00,214844.00,219530.00,214844,4686,71.00,74.00,145.00,74,71,0.00,0.00,0,0
1512038451,ens33,0.00,0.00,0.00,0,0,0.00,0.00,0.00,0,0,0.00,0.00,0,0
1512038451,s1-eth1,12276.00,563044.00,575320.00,563044,12276,186.00,194.00,380.00,194,186,0.00,0.00,0,0
1512038451,s3-eth1,4686.00,214844.00,219530.00,214844,4686,71.00,74.00,145.00,74,71,0.00,0.00,0,0
1512038451,s2-eth1,9768.00,454898.00,464666.00,454898,9768,148.00,157.00,305.00,157,148,0.00,0.00,0,0
1512038451,lo,516.00,516.00,1032.00,516,516,9.00,9.00,18.00,9,9,0.00,0.00,0,0
1512038451,s1-eth2,14388.00,672704.00,687092.00,672704,14388,218.00,232.00,450.00,232,218,0.00,0.00,0,0
1512038451,s3-eth2,214844.00,4686.00,219530.00,4686,214844,74.00,71.00,145.00,71,74,0.00,0.00,0,0
1512038451,s2-eth2,672704.00,14388.00,687092.00,14388,672704,232.00,218.00,450.00,218,232,0.00,0.00,0,0
1512038451,total,2157834.00,2166522.00,4324356.00,2166522,2157834,1432.00,1432.00,2864.00,1432,1432,0.00,0.00,0,0
1512038452,s1-eth3,1222386.00,26664.00,1249050.00,26664,1222386,421.00,404.00,825.00,404,421,0.00,0.00,0,0
1512038452,s2-eth3,5148.00,238540.00,243688.00,238540,5148,78.00,82.00,160.00,82,78,0.00,0.00,0,0
1512038452,ens33,0.00,0.00,0.00,0,0,0.00,0.00,0.00,0,0,0.00,0.00,0,0
1512038452,s1-eth1,13332.00,614912.00,628244.00,614912,13332,202.00,212.00,414.00,212,202,0.00,0.00,0,0
1512038452,s3-eth1,5148.00,235578.00,240726.00,235578,5148,78.00,81.00,159.00,81,78,0.00,0.00,0,0
1512038452,s2-eth1,8184.00,376372.00,384556.00,376372,8184,124.00,130.00,254.00,130,124,0.00,0.00,0,0
1512038452,lo,0.00,0.00,0.00,0,0,0.00,0.00,0.00,0,0,0.00,0.00,0,0
1512038452,s1-eth2,13332.00,617874.00,631206.00,617874,13332,202.00,213.00,415.00,213,202,0.00,0.00,0,0
1512038452,s3-eth2,238540.00,5148.00,243688.00,5148,238540,82.00,78.00,160.00,78,82,0.00,0.00,0,0
1512038452,s2-eth2,617874.00,13332.00,631206.00,13332,617874,213.00,202.00,415.00,202,213,0.00,0.00,0,0
1512038452,total,2123944.00,2128420.00,4252364.00,2128420,2123944,1400.00,1402.00,2802.00,1402,1400,0.00,0.00,0,0
1512038453,s1-eth3,1225414.00,26664.00,1252078.00,26664,1225414,423.00,404.00,827.00,404,423,0.00,0.00,0,0
1512038453,s2-eth3,4290.00,202996.00,207286.00,202996,4290,65.00,70.00,135.00,70,65,0.00,0.00,0,0
1512038453,ens33,0.00,0.00,0.00,0,0,0.00,0.00,0.00,0,0,0.00,0.00,0,0
1512038453,s1-eth1,12804.00,588254.00,601058.00,588254,12804,194.00,203.00,397.00,203,194,0.00,0.00,0,0
1512038453,s3-eth1,4290.00,202996.00,207286.00,202996,4290,65.00,70.00,135.00,70,65,0.00,0.00,0,0
1512038453,s2-eth1,9570.00,432650.00,442220.00,432650,9570,145.00,149.00,294.00,149,145,0.00,0.00,0,0
1512038453,lo,0.00,0.00,0.00,0,0,0.00,0.00,0.00,0,0,0.00,0.00,0,0
1512038453,s1-eth2,13860.00,632684.00,646544.00,632684,13860,210.00,218.00,428.00,218,210,0.00,0.00,0,0
1512038453,s3-eth2,202996.00,4290.00,207286.00,4290,202996,70.00,65.00,135.00,65,70,0.00,0.00,0,0
1512038453,s2-eth2,632684.00,13860.00,646544.00,13860,632684,218.00,210.00,428.00,210,218,0.00,0.00,0,0
1512038453,total,2105908.00,2104394.00,4210302.00,2104394,2105908,1390.00,1389.00,2779.00,1389,1390,0.00,0.00,0,0
1512038454,s1-eth3,1223900.00,26664.00,1250564.00,26664,1223900,422.00,404.00,826.00,404,422,0.00,0.00,0,0
1512038454,s2-eth3,4290.00,194110.00,198400.00,194110,4290,65.00,67.00,132.00,67,65,0.00,0.00,0,0
1512038454,ens33,0.00,0.00,0.00,0,0,0.00,0.00,0.00,0,0,0.00,0.00,0,0
1512038454,s1-eth1,12276.00,564558.00,576834.00,564558,12276,186.00,195.00,381.00,195,186,0.00,0.00,0,0
1512038454,s3-eth1,4290.00,197072.00,201362.00,197072,4290,65.00,68.00,133.00,68,65,0.00,0.00,0,0
1512038454,s2-eth1,10032.00,469708.00,479740.00,469708,10032,152.00,162.00,314.00,162,152,0.00,0.00,0,0
1512038454,lo,0.00,0.00,0.00,0,0,0.00,0.00,0.00,0,0,0.00,0.00,0,0
1512038454,s1-eth2,14388.00,666780.00,681168.00,666780,14388,218.00,230.00,448.00,230,218,0.00,0.00,0,0
1512038454,s3-eth2,194110.00,4290.00,198400.00,4290,194110,67.00,65.00,132.00,65,67,0.00,0.00,0,0
1512038454,s2-eth2,666780.00,14388.00,681168.00,14388,666780,230.00,218.00,448.00,218,230,0.00,0.00,0,0
1512038454,total,2130066.00,2137570.00,4267636.00,2137570,2130066,1405.00,1409.00,2814.00,1409,1405,0.00,0.00,0,0
1512038455,s1-eth3,1223900.00,26664.00,1250564.00,26664,1223900,422.00,404.00,826.00,404,422,0.00,0.00,0,0
1512038455,s2-eth3,5346.00,243016.00,248362.00,243016,5346,81.00,84.00,165.00,84,81,0.00,0.00,0,0
1512038455,ens33,0.00,0.00,0.00,0,0,0.00,0.00,0.00,0,0,0.00,0.00,0,0
1512038455,s1-eth1,13332.00,614912.00,628244.00,614912,13332,202.00,212.00,414.00,212,202,0.00,0.00,0,0
1512038455,s3-eth1,5214.00,245978.00,251192.00,245978,5214,79.00,85.00,164.00,85,79,0.00,0.00,0,0
1512038455,s2-eth1,8052.00,373410.00,381462.00,373410,8052,122.00,129.00,251.00,129,122,0.00,0.00,0,0
1512038455,lo,0.00,0.00,0.00,0,0,0.00,0.00,0.00,0,0,0.00,0.00,0,0
1512038455,s1-eth2,13332.00,610502.00,623834.00,610502,13332,202.00,211.00,413.00,211,202,0.00,0.00,0,0
1512038455,s3-eth2,243016.00,5346.00,248362.00,5346,243016,84.00,81.00,165.00,81,84,0.00,0.00,0,0
1512038455,s2-eth2,610502.00,13332.00,623834.00,13332,610502,211.00,202.00,413.00,202,211,0.00,0.00,0,0
1512038455,total,2122694.00,2133160.00,4255854.00,2133160,2122694,1403.00,1408.00,2811.00,1408,1403,0.00,0.00,0,0
1512038456,s1-eth3,1223900.00,26664.00,1250564.00,26664,1223900,422.00,404.00,826.00,404,422,0.00,0.00,0,0
1512038456,s2-eth3,4950.00,237092.00,242042.00,237092,4950,75.00,82.00,157.00,82,75,0.00,0.00,0,0
1512038456,ens33,0.00,0.00,0.00,0,0,0.00,0.00,0.00,0,0,0.00,0.00,0,0
1512038456,s1-eth1,12870.00,594178.00,607048.00,594178,12870,195.00,205.00,400.00,205,195,0.00,0.00,0,0
1512038456,s3-eth1,5082.00,234130.00,239212.00,234130,5082,77.00,81.00,158.00,81,77,0.00,0.00,0,0
1512038456,s2-eth1,8844.00,405992.00,414836.00,405992,8844,134.00,140.00,274.00,140,134,0.00,0.00,0,0
1512038456,lo,516.00,516.00,1032.00,516,516,9.00,9.00,18.00,9,9,0.00,0.00,0,0
1512038456,s1-eth2,13794.00,646046.00,659840.00,646046,13794,209.00,223.00,432.00,223,209,0.00,0.00,0,0
1512038456,s3-eth2,240054.00,4950.00,245004.00,4950,240054,83.00,75.00,158.00,75,83,0.00,0.00,0,0
1512038456,s2-eth2,646046.00,13794.00,659840.00,13794,646046,223.00,209.00,432.00,209,223,0.00,0.00,0,0
1512038456,total,2156056.00,2163362.00,4319418.00,2163362,2156056,1427.00,1428.00,2855.00,1428,1427,0.00,0.00,0,0
1512038457,s1-eth3,1223966.00,26598.00,1250564.00,26598,1223966,423.00,403.00,826.00,403,423,0.00,0.00,0,0
1512038457,s2-eth3,4092.00,194110.00,198202.00,194110,4092,62.00,67.00,129.00,67,62,0.00,0.00,0,0
1512038457,ens33,0.00,0.00,0.00,0,0,0.00,0.00,0.00,0,0,0.00,0.00,0,0
1512038457,s1-eth1,11946.00,548234.00,560180.00,548234,11946,181.00,189.00,370.00,189,181,0.00,0.00,0,0
1512038457,s3-eth1,4092.00,191148.00,195240.00,191148,4092,62.00,66.00,128.00,66,62,0.00,0.00,0,0
1512038457,s2-eth1,10560.00,487480.00,498040.00,487480,10560,160.00,168.00,328.00,168,160,0.00,0.00,0,0
1512038457,lo,0.00,0.00,0.00,0,0,0.00,0.00,0.00,0,0,0.00,0.00,0,0
1512038457,s1-eth2,14652.00,678628.00,693280.00,678628,14652,222.00,234.00,456.00,234,222,0.00,0.00,0,0
1512038457,s3-eth2,191148.00,4092.00,195240.00,4092,191148,66.00,62.00,128.00,62,66,0.00,0.00,0,0
1512038457,s2-eth2,678628.00,14652.00,693280.00,14652,678628,234.00,222.00,456.00,222,234,0.00,0.00,0,0
1512038457,total,2139084.00,2144942.00,4284026.00,2144942,2139084,1410.00,1411.00,2821.00,1411,1410,0.00,0.00,0,0
1512038458,s1-eth3,1223900.00,26796.00,1250696.00,26796,1223900,422.00,406.00,828.00,406,422,0.00,0.00,0,0
1512038458,s2-eth3,5016.00,223730.00,228746.00,223730,5016,76.00,77.00,153.00,77,76,0.00,0.00,0,0
1512038458,ens33,0.00,0.00,0.00,0,0,0.00,0.00,0.00,0,0,0.00,0.00,0,0
1512038458,s1-eth1,13134.00,608988.00,622122.00,608988,13134,199.00,210.00,409.00,210,199,0.00,0.00,0,0
1512038458,s3-eth1,5016.00,223730.00,228746.00,223730,5016,76.00,77.00,153.00,77,76,0.00,0.00,0,0
1512038458,s2-eth1,8580.00,397106.00,405686.00,397106,8580,130.00,137.00,267.00,137,130,0.00,0.00,0,0
1512038458,lo,0.00,0.00,0.00,0,0,0.00,0.00,0.00,0,0,0.00,0.00,0,0
1512038458,s1-eth2,13596.00,620836.00,634432.00,620836,13596,206.00,214.00,420.00,214,206,0.00,0.00,0,0
1512038458,s3-eth2,223730.00,5016.00,228746.00,5016,223730,77.00,76.00,153.00,76,77,0.00,0.00,0,0
1512038458,s2-eth2,620836.00,13596.00,634432.00,13596,620836,214.00,206.00,420.00,206,214,0.00,0.00,0,0
1512038458,total,2113808.00,2119798.00,4233606.00,2119798,2113808,1400.00,1403.00,2803.00,1403,1400,0.00,0.00,0,0
1512038459,s1-eth3,1223900.00,26598.00,1250498.00,26598,1223900,422.00,403.00,825.00,403,422,0.00,0.00,0,0
1512038459,s2-eth3,5280.00,243016.00,248296.00,243016,5280,80.00,84.00,164.00,84,80,0.00,0.00,0,0
1512038459,ens33,0.00,0.00,0.00,0,0,0.00,0.00,0.00,0,0,0.00,0.00,0,0
1512038459,s1-eth1,13134.00,606026.00,619160.00,606026,13134,199.00,209.00,408.00,209,199,0.00,0.00,0,0
1512038459,s3-eth1,5214.00,245978.00,251192.00,245978,5214,79.00,85.00,164.00,85,79,0.00,0.00,0,0
1512038459,s2-eth1,8184.00,379334.00,387518.00,379334,8184,124.00,131.00,255.00,131,124,0.00,0.00,0,0
1512038459,lo,0.00,0.00,0.00,0,0,0.00,0.00,0.00,0,0,0.00,0.00,0,0
1512038459,s1-eth2,13530.00,628274.00,641804.00,628274,13530,205.00,217.00,422.00,217,205,0.00,0.00,0,0
1512038459,s3-eth2,243016.00,5280.00,248296.00,5280,243016,84.00,80.00,164.00,80,84,0.00,0.00,0,0
1512038459,s2-eth2,628274.00,13530.00,641804.00,13530,628274,217.00,205.00,422.00,205,217,0.00,0.00,0,0
1512038459,total,2140532.00,2148036.00,4288568.00,2148036,2140532,1410.00,1414.00,2824.00,1414,1410,0.00,0.00,0,0
1512038460,s1-eth3,1223900.00,26664.00,1250564.00,26664,1223900,422.00,404.00,826.00,404,422,0.00,0.00,0,0
1512038460,s2-eth3,5016.00,238540.00,243556.00,238540,5016,76.00,82.00,158.00,82,76,0.00,0.00,0,0
1512038460,ens33,0.00,0.00,0.00,0,0,0.00,0.00,0.00,0,0,0.00,0.00,0,0
1512038460,s1-eth1,11814.00,543824.00,555638.00,543824,11814,179.00,188.00,367.00,188,179,0.00,0.00,0,0
1512038460,s3-eth1,5082.00,235578.00,240660.00,235578,5082,77.00,81.00,158.00,81,77,0.00,0.00,0,0
1512038460,s2-eth1,9834.00,448974.00,458808.00,448974,9834,149.00,155.00,304.00,155,149,0.00,0.00,0,0
1512038460,lo,0.00,0.00,0.00,0,0,0.00,0.00,0.00,0,0,0.00,0.00,0,0
1512038460,s1-eth2,14850.00,681590.00,696440.00,681590,14850,225.00,235.00,460.00,235,225,0.00,0.00,0,0
1512038460,s3-eth2,238540.00,5016.00,243556.00,5016,238540,82.00,76.00,158.00,76,82,0.00,0.00,0,0
1512038460,s2-eth2,681590.00,14850.00,696440.00,14850,681590,235.00,225.00,460.00,225,235,0.00,0.00,0,0
1512038460,total,2190626.00,2195036.00,4385662.00,2195036,2190626,1445.00,1446.00,2891.00,1446,1445,0.00,0.00,0,0
1512038461,s1-eth3,1225414.00,26730.00,1252144.00,26730,1225414,423.00,405.00,828.00,405,423,0.00,0.00,0,0
1512038461,s2-eth3,4224.00,191148.00,195372.00,191148,4224,64.00,66.00,130.00,66,64,0.00,0.00,0,0
1512038461,ens33,0.00,0.00,0.00,0,0,0.00,0.00,0.00,0,0,0.00,0.00,0,0
1512038461,s1-eth1,12474.00,571930.00,584404.00,571930,12474,189.00,197.00,386.00,197,189,0.00,0.00,0,0
1512038461,s3-eth1,4224.00,191148.00,195372.00,191148,4224,64.00,66.00,130.00,66,64,0.00,0.00,0,0
1512038461,s2-eth1,10098.00,469708.00,479806.00,469708,10098,153.00,162.00,315.00,162,153,0.00,0.00,0,0
1512038461,lo,516.00,516.00,1032.00,516,516,9.00,9.00,18.00,9,9,0.00,0.00,0,0
1512038461,s1-eth2,14256.00,663818.00,678074.00,663818,14256,216.00,229.00,445.00,229,216,0.00,0.00,0,0
1512038461,s3-eth2,191148.00,4224.00,195372.00,4224,191148,66.00,64.00,130.00,64,66,0.00,0.00,0,0
1512038461,s2-eth2,663818.00,14256.00,678074.00,14256,663818,229.00,216.00,445.00,216,229,0.00,0.00,0,0
1512038461,total,2126172.00,2133478.00,4259650.00,2133478,2126172,1413.00,1414.00,2827.00,1414,1413,0.00,0.00,0,0
1512038462,s1-eth3,1225414.00,26598.00,1252012.00,26598,1225414,423.00,403.00,826.00,403,423,0.00,0.00,0,0
1512038462,s2-eth3,5020.00,223730.00,228750.00,223730,5020,76.00,77.00,153.00,77,76,0.00,0.00,0,0
1512038462,ens33,0.00,0.00,0.00,0,0,0.00,0.00,0.00,0,0,0.00,0.00,0,0
1512038462,s1-eth1,13468.00,617874.00,631342.00,617874,13468,204.00,213.00,417.00,213,204,0.00,0.00,0,0
1512038462,s3-eth1,4954.00,223730.00,228684.00,223730,4954,75.00,77.00,152.00,77,75,0.00,0.00,0,0
1512038462,s2-eth1,8316.00,379404.00,387720.00,379404,8316,126.00,132.00,258.00,132,126,0.00,0.00,0,0
1512038462,lo,804.00,804.00,1608.00,804,804,9.00,9.00,18.00,9,9,0.00,0.00,0,0
1512038462,s1-eth2,13200.00,603134.00,616334.00,603134,13200,200.00,209.00,409.00,209,200,0.00,0.00,0,0
1512038462,s3-eth2,223730.00,5020.00,228750.00,5020,223730,77.00,76.00,153.00,76,77,0.00,0.00,0,0
1512038462,s2-eth2,603134.00,13200.00,616334.00,13200,603134,209.00,200.00,409.00,200,209,0.00,0.00,0,0
1512038462,total,2098040.00,2093494.00,4191534.00,2093494,2098040,1399.00,1396.00,2795.00,1396,1399,0.00,0.00,0,0
1512038463,s1-eth3,1223904.00,26730.00,1250634.00,26730,1223904,422.00,405.00,827.00,405,422,0.00,0.00,0,0
1512038463,s2-eth3,5280.00,245978.00,251258.00,245978,5280,80.00,85.00,165.00,85,80,0.00,0.00,0,0
1512038463,ens33,0.00,0.00,0.00,0,0,0.00,0.00,0.00,0,0,0.00,0.00,0,0
1512038463,s1-eth1,12936.00,594178.00,607114.00,594178,12936,196.00,205.00,401.00,205,196,0.00,0.00,0,0
1512038463,s3-eth1,5346.00,248940.00,254286.00,248940,5346,81.00,86.00,167.00,86,81,0.00,0.00,0,0
1512038463,s2-eth1,8448.00,389668.00,398116.00,389668,8448,128.00,134.00,262.00,134,128,0.00,0.00,0,0
1512038463,lo,0.00,0.00,0.00,0,0,0.00,0.00,0.00,0,0,0.00,0.00,0,0
1512038463,s1-eth2,13860.00,635646.00,649506.00,635646,13860,210.00,219.00,429.00,219,210,0.00,0.00,0,0
1512038463,s3-eth2,245978.00,5280.00,251258.00,5280,245978,85.00,80.00,165.00,80,85,0.00,0.00,0,0
1512038463,s2-eth2,635646.00,13860.00,649506.00,13860,635646,219.00,210.00,429.00,210,219,0.00,0.00,0,0
1512038463,total,2151398.00,2160280.00,4311678.00,2160280,2151398,1421.00,1424.00,2845.00,1424,1421,0.00,0.00,0,0
1512038464,s1-eth3,1222452.00,26730.00,1249182.00,26730,1222452,422.00,405.00,827.00,405,422,0.00,0.00,0,0
1512038464,s2-eth3,5614.00,254864.00,260478.00,254864,5614,85.00,88.00,173.00,88,85,0.00,0.00,0,0
1512038464,ens33,0.00,0.00,0.00,0,0,0.00,0.00,0.00,0,0,0.00,0.00,0,0
1512038464,s1-eth1,11484.00,533494.00,544978.00,533494,11484,174.00,185.00,359.00,185,174,0.00,0.00,0,0
1512038464,s3-eth1,5614.00,251902.00,257516.00,251902,5614,85.00,87.00,172.00,87,85,0.00,0.00,0,0
1512038464,s2-eth1,9706.00,446012.00,455718.00,446012,9706,147.00,154.00,301.00,154,147,0.00,0.00,0,0
1512038464,lo,804.00,804.00,1608.00,804,804,9.00,9.00,18.00,9,9,0.00,0.00,0,0
1512038464,s1-eth2,15250.00,700876.00,716126.00,700876,15250,231.00,242.00,473.00,242,231,0.00,0.00,0,0
1512038464,s3-eth2,254864.00,5614.00,260478.00,5614,254864,88.00,85.00,173.00,85,88,0.00,0.00,0,0
1512038464,s2-eth2,700876.00,15250.00,716126.00,15250,700876,242.00,231.00,473.00,231,242,0.00,0.00,0,0
1512038464,total,2226664.00,2235546.00,4462210.00,2235546,2226664,1483.00,1486.00,2969.00,1486,1483,0.00,0.00,0,0
1512038465,s1-eth3,1225484.00,26598.00,1252082.00,26598,1225484,424.00,403.00,827.00,403,424,0.00,0.00,0,0
1512038465,s2-eth3,4488.00,211882.00,216370.00,211882,4488,68.00,73.00,141.00,73,68,0.00,0.00,0,0
1512038465,ens33,0.00,0.00,0.00,0,0,0.00,0.00,0.00,0,0,0.00,0.00,0,0
1512038465,s1-eth1,12210.00,558634.00,570844.00,558634,12210,185.00,193.00,378.00,193,185,0.00,0.00,0,0
1512038465,s3-eth1,4488.00,211882.00,216370.00,211882,4488,68.00,73.00,141.00,73,68,0.00,0.00,0,0
1512038465,s2-eth1,9966.00,460822.00,470788.00,460822,9966,151.00,159.00,310.00,159,151,0.00,0.00,0,0
1512038465,lo,0.00,0.00,0.00,0,0,0.00,0.00,0.00,0,0,0.00,0.00,0,0
1512038465,s1-eth2,14388.00,672704.00,687092.00,672704,14388,218.00,232.00,450.00,232,218,0.00,0.00,0,0
1512038465,s3-eth2,211882.00,4488.00,216370.00,4488,211882,73.00,68.00,141.00,68,73,0.00,0.00,0,0
1512038465,s2-eth2,672704.00,14388.00,687092.00,14388,672704,232.00,218.00,450.00,218,232,0.00,0.00,0,0
1512038465,total,2155610.00,2161398.00,4317008.00,2161398,2155610,1419.00,1419.00,2838.00,1419,1419,0.00,0.00,0,0
1512038466,s1-eth3,1223900.00,26730.00,1250630.00,26730,1223900,422.00,405.00,827.00,405,422,0.00,0.00,0,0
1512038466,s2-eth3,4422.00,200104.00,204526.00,200104,4422,67.00,70.00,137.00,70,67,0.00,0.00,0,0
1512038466,ens33,0.00,0.00,0.00,0,0,0.00,0.00,0.00,0,0,0.00,0.00,0,0
1512038466,s1-eth1,13600.00,623798.00,637398.00,623798,13600,206.00,215.00,421.00,215,206,0.00,0.00,0,0
1512038466,s3-eth1,4356.00,200104.00,204460.00,200104,4356,66.00,70.00,136.00,70,66,0.00,0.00,0,0
1512038466,s2-eth1,8848.00,405992.00,414840.00,405992,8848,134.00,140.00,274.00,140,134,0.00,0.00,0,0
1512038466,lo,804.00,804.00,1608.00,804,804,9.00,9.00,18.00,9,9,0.00,0.00,0,0
1512038466,s1-eth2,13200.00,606096.00,619296.00,606096,13200,200.00,210.00,410.00,210,200,0.00,0.00,0,0
1512038466,s3-eth2,200104.00,4422.00,204526.00,4422,200104,70.00,67.00,137.00,67,70,0.00,0.00,0,0
1512038466,s2-eth2,606096.00,13200.00,619296.00,13200,606096,210.00,200.00,410.00,200,210,0.00,0.00,0,0
1512038466,total,2075330.00,2081250.00,4156580.00,2081250,2075330,1384.00,1386.00,2770.00,1386,1384,0.00,0.00,0,0
1512038467,s1-eth3,1222522.00,26598.00,1249120.00,26598,1222522,423.00,403.00,826.00,403,423,0.00,0.00,0,0
1512038467,s2-eth3,5148.00,240054.00,245202.00,240054,5148,78.00,83.00,161.00,83,78,0.00,0.00,0,0
1512038467,ens33,0.00,0.00,0.00,0,0,0.00,0.00,0.00,0,0,0.00,0.00,0,0
1512038467,s1-eth1,12936.00,597140.00,610076.00,597140,12936,196.00,206.00,402.00,206,196,0.00,0.00,0,0
1512038467,s3-eth1,5214.00,243016.00,248230.00,243016,5214,79.00,84.00,163.00,84,79,0.00,0.00,0,0
1512038467,s2-eth1,8514.00,391182.00,399696.00,391182,8514,129.00,135.00,264.00,135,129,0.00,0.00,0,0
1512038467,lo,0.00,0.00,0.00,0,0,0.00,0.00,0.00,0,0,0.00,0.00,0,0
1512038467,s1-eth2,13662.00,631236.00,644898.00,631236,13662,207.00,218.00,425.00,218,207,0.00,0.00,0,0
1512038467,s3-eth2,240054.00,5148.00,245202.00,5148,240054,83.00,78.00,161.00,78,83,0.00,0.00,0,0
1512038467,s2-eth2,631236.00,13662.00,644898.00,13662,631236,218.00,207.00,425.00,207,218,0.00,0.00,0,0
1512038467,total,2139286.00,2148036.00,4287322.00,2148036,2139286,1413.00,1414.00,2827.00,1414,1413,0.00,0.00,0,0
1512038468,s1-eth3,1223900.00,26664.00,1250564.00,26664,1223900,422.00,404.00,826.00,404,422,0.00,0.00,0,0
1512038468,s2-eth3,5808.00,263750.00,269558.00,263750,5808,88.00,91.00,179.00,91,88,0.00,0.00,0,0
1512038468,ens33,0.00,0.00,0.00,0,0,0.00,0.00,0.00,0,0,0.00,0.00,0,0
1512038468,s1-eth1,11814.00,542310.00,554124.00,542310,11814,179.00,187.00,366.00,187,179,0.00,0.00,0,0
1512038468,s3-eth1,5742.00,263750.00,269492.00,263750,5742,87.00,91.00,178.00,91,87,0.00,0.00,0,0
1512038468,s2-eth1,9112.00,414878.00,423990.00,414878,9112,138.00,143.00,281.00,143,138,0.00,0.00,0,0
1512038468,lo,0.00,0.00,0.00,0,0,0.00,0.00,0.00,0,0,0.00,0.00,0,0
1512038468,s1-eth2,14850.00,675666.00,690516.00,675666,14850,225.00,233.00,458.00,233,225,0.00,0.00,0,0
1512038468,s3-eth2,263750.00,5808.00,269558.00,5808,263750,91.00,88.00,179.00,88,91,0.00,0.00,0,0
1512038468,s2-eth2,675666.00,14850.00,690516.00,14850,675666,233.00,225.00,458.00,225,233,0.00,0.00,0,0
1512038468,total,2210642.00,2207676.00,4418318.00,2207676,2210642,1463.00,1462.00,2925.00,1462,1463,0.00,0.00,0,0
1512038469,s1-eth3,1227065.00,26664.00,1253729.00,26664,1227065,424.00,404.00,828.00,404,424,0.00,0.00,0,0
1512038469,s2-eth3,5483.00,247629.00,253112.00,247629,5483,81.00,86.00,167.00,86,81,0.00,0.00,0,0
1512038469,ens33,0.00,0.00,0.00,0,0,0.00,0.00,0.00,0,0,0.00,0.00,0,0
1512038469,s1-eth1,12154.00,545272.00,557426.00,545272,12154,180.00,188.00,368.00,188,180,0.00,0.00,0,0
1512038469,s3-eth1,5752.00,247426.00,253178.00,247426,5752,83.00,85.00,168.00,85,83,0.00,0.00,0,0
1512038469,s2-eth1,9976.00,446012.00,455988.00,446012,9976,147.00,154.00,301.00,154,147,0.00,0.00,0,0
1512038469,lo,976.05,976.05,1952.10,978,978,8.98,8.98,17.96,9,9,0.00,0.00,0,0
1512038469,s1-eth2,14886.23,689300.44,704186.62,690679,14916,225.55,238.52,464.07,239,226,0.00,0.00,0,0
1512038469,s3-eth2,247134.73,5472.06,252606.80,5483,247629,85.83,80.84,166.67,81,86,0.00,0.00,0,0
1512038469,s2-eth2,689300.44,14886.23,704186.62,14916,690679,238.52,225.55,464.07,226,239,0.00,0.00,0,0
1512038469,total,2210211.75,2220617.75,4430829.50,2225059,2214632,1472.06,1469.06,2941.12,1472,1475,0.00,0.00,0,0
1512038470,s1-eth3,1224595.50,26703.30,1251298.75,26730,1225820,424.58,404.60,829.17,405,425,0.00,0.00,0,0
1512038470,s2-eth3,4950.05,222059.95,227010.00,222282,4955,72.93,76.92,149.85,77,73,0.00,0.00,0,0
1512038470,ens33,0.00,0.00,0.00,0,0,0.00,0.00,0.00,0,0,0.00,0.00,0,0
1512038470,s1-eth1,12598.40,569912.12,582510.50,570482,12611,188.81,196.80,385.61,197,189,0.00,0.00,0,0
1512038470,s3-eth1,4950.05