1512038209,s1-eth3,0.00,0.00,0.00,0,0,0.00,0.00,0.00,0,0,0.00,0.00,0,0
1512038209,s2-eth3,0.00,0.00,0.00,0,0,0.00,0.00,0.00,0,0,0.00,0.00,0,0
1512038209,ens33,0.00,0.00,0.00,0,0,0.00,0.00,0.00,0,0,0.00,0.00,0,0
1512038209,s1-eth1,0.00,0.00,0.00,0,0,0.00,0.00,0.00,0,0,0.00,0.00,0,0
1512038209,s3-eth1,0.00,0.00,0.00,0,0,0.00,0.00,0.00,0,0,0.00,0.00,0,0
1512038209,s2-eth1,0.00,0.00,0.00,0,0,0.00,0.00,0.00,0,0,0.00,0.00,0,0
1512038209,lo,0.00,0.00,0.00,0,0,0.00,0.00,0.00,0,0,0.00,0.00,0,0
1512038209,s1-eth2,0.00,0.00,0.00,0,0,0.00,0.00,0.00,0,0,0.00,0.00,0,0
1512038209,s3-eth2,0.00,0.00,0.00,0,0,0.00,0.00,0.00,0,0,0.00,0.00,0,0
1512038209,s2-eth2,0.00,0.00,0.00,0,0,0.00,0.00,0.00,0,0,0.00,0.00,0,0
1512038209,total,0.00,0.00,0.00,0,0,0.00,0.00,0.00,0,0,0.00,0.00,0,0
1512038210,s1-eth3,2439887.00,46794.00,2486681.00,46794,2439887,720.00,709.00,1429.00,709,720,0.00,0.00,0,0
1512038210,s2-eth3,10298.00,901110.00,911408.00,901110,10298,154.00,312.00,466.00,312,154,0.00,0.00,0,0
1512038210,ens33,0.00,0.00,0.00,0,0,0.00,0.00,0.00,0,0,0.00,0.00,0,0
1512038210,s1-eth1,16243.00,1966860.00,1983103.00,1966860,16243,242.00,446.00,688.00,446,242,0.00,0.00,0,0
1512038210,s3-eth1,10498.00,900910.00,911408.00,900910,10498,155.00,311.00,466.00,311,155,0.00,0.00,0,0
1512038210,s2-eth1,21256.00,1866984.00,1888240.00,1866984,21256,318.00,644.00,962.00,644,318,0.00,0.00,0,0
1512038210,lo,1304.00,1304.00,2608.00,1304,1304,12.00,12.00,24.00,12,12,0.00,0.00,0,0
1512038210,s1-eth2,31154.00,2449514.00,2480668.00,2449514,31154,470.00,846.00,1316.00,846,470,0.00,0.00,0,0
1512038210,s3-eth2,901110.00,10298.00,911408.00,10298,901110,312.00,154.00,466.00,154,312,0.00,0.00,0,0
1512038210,s2-eth2,2449514.00,31154.00,2480668.00,31154,2449514,846.00,470.00,1316.00,470,846,0.00,0.00,0,0
1512038210,total,5881264.00,8174928.00,14056192.00,8174928,5881264,3229.00,3904.00,7133.00,3904,3229,0.00,0.00,0,0
1512038211,s1-eth3,2438501.00,45672.00,2484173.00,45672,2438501,699.00,692.00,1391.00,692,699,0.00,0.00,0,0
1512038211,s2-eth3,5496.00,437329.00,442825.00,437329,5496,79.00,152.00,231.00,152,79,0.00,0.00,0,0
1512038211,ens33,0.00,0.00,0.00,0,0,0.00,0.00,0.00,0,0,0.00,0.00,0,0
1512038211,s1-eth1,18966.00,1830220.00,1849186.00,1830220,18966,281.00,416.00,697.00,416,281,0.00,0.00,0,0
1512038211,s3-eth1,5769.00,437126.00,442895.00,437126,5769,81.00,151.00,232.00,151,81,0.00,0.00,0,0
1512038211,s2-eth1,23451.00,2006334.00,2029785.00,2006334,23451,347.00,693.00,1040.00,693,347,0.00,0.00,0,0
1512038211,lo,3832.00,3832.00,7664.00,3832,3832,39.00,39.00,78.00,39,39,0.00,0.00,0,0
1512038211,s1-eth2,27795.00,2446898.00,2474693.00,2446898,27795,419.00,848.00,1267.00,848,419,0.00,0.00,0,0
1512038211,s3-eth2,437329.00,5496.00,442825.00,5496,437329,152.00,79.00,231.00,79,152,0.00,0.00,0,0
1512038211,s2-eth2,2446898.00,27795.00,2474693.00,27795,2446898,848.00,419.00,1267.00,419,848,0.00,0.00,0,0
1512038211,total,5408037.00,7240702.00,12648739.00,7240702,5408037,2945.00,3489.00,6434.00,3489,2945,0.00,0.00,0,0
1512038212,s1-eth3,2438777.00,67624.00,2506401.00,67624,2438777,747.00,746.00,1493.00,746,747,0.00,0.00,0,0
1512038212,s2-eth3,14396.00,219870.00,234266.00,219870,14396,152.00,148.00,300.00,148,152,0.00,0.00,0,0
1512038212,ens33,0.00,0.00,0.00,0,0,0.00,0.00,0.00,0,0,0.00,0.00,0,0
1512038212,s1-eth1,16922.00,715224.00,732146.00,715224,16922,189.00,240.00,429.00,240,189,0.00,0.00,0,0
1512038212,s3-eth1,14596.00,219600.00,234196.00,219600,14596,153.00,146.00,299.00,146,153,0.00,0.00,0,0
1512038212,s2-eth1,38206.00,784962.00,823168.00,784962,38206,421.00,441.00,862.00,441,421,0.00,0.00,0,0
1512038212,lo,4800.00,4800.00,9600.00,4800,4800,49.00,49.00,98.00,49,49,0.00,0.00,0,0
1512038212,s1-eth2,51582.00,1468816.00,1520398.00,1468816,51582,564.00,750.00,1314.00,750,564,0.00,0.00,0,0
1512038212,s3-eth2,219870.00,14396.00,234266.00,14396,219870,148.00,152.00,300.00,152,148,0.00,0.00,0,0
1512038212,s2-eth2,1468816.00,51582.00,1520398.00,51582,1468816,750.00,564.00,1314.00,564,750,0.00,0.00,0,0
1512038212,total,4267965.00,3546874.00,7814839.00,3546874,4267965,3173.00,3236.00,6409.00,3236,3173,0.00,0.00,0,0
1512038213,s1-eth3,2461934.00,98888.00,2560822.00,98888,2461934,1056.00,1052.00,2108.00,1052,1056,0.00,0.00,0,0
1512038213,s2-eth3,17578.00,372968.00,390546.00,372968,17578,187.00,232.00,419.00,232,187,0.00,0.00,0,0
1512038213,ens33,0.00,0.00,0.00,0,0,0.00,0.00,0.00,0,0,0.00,0.00,0,0
1512038213,s1-eth1,23312.00,776324.00,799636.00,776324,23312,248.00,354.00,602.00,354,248,0.00,0.00,0,0
1512038213,s3-eth1,17578.00,372968.00,390546.00,372968,17578,187.00,232.00,419.00,232,187,0.00,0.00,0,0
1512038213,s2-eth1,57998.00,1161820.00,1219818.00,1161820,57998,617.00,710.00,1327.00,710,617,0.00,0.00,0,0
1512038213,lo,0.00,0.00,0.00,0,0,0.00,0.00,0.00,0,0,0.00,0.00,0,0
1512038213,s1-eth2,75576.00,1534788.00,1610364.00,1534788,75576,804.00,942.00,1746.00,942,804,0.00,0.00,0,0
1512038213,s3-eth2,372968.00,17578.00,390546.00,17578,372968,232.00,187.00,419.00,187,232,0.00,0.00,0,0
1512038213,s2-eth2,1534788.00,75576.00,1610364.00,75576,1534788,942.00,804.00,1746.00,804,942,0.00,0.00,0,0
1512038213,total,4561732.00,4410910.00,8972642.00,4410910,4561732,4273.00,4513.00,8786.00,4513,4273,0.00,0.00,0,0
1512038214,s1-eth3,2483614.00,130286.00,2613900.00,130286,2483614,1387.00,1387.00,2774.00,1387,1387,0.00,0.00,0,0
1512038214,s2-eth3,23302.00,406558.00,429860.00,406558,23302,249.00,259.00,508.00,259,249,0.00,0.00,0,0
1512038214,ens33,0.00,0.00,0.00,0,0,0.00,0.00,0.00,0,0,0.00,0.00,0,0
1512038214,s1-eth1,33899.00,833098.00,866997.00,833098,33899,361.00,469.00,830.00,469,361,0.00,0.00,0,0
1512038214,s3-eth1,23302.00,406558.00,429860.00,406558,23302,249.00,259.00,508.00,259,249,0.00,0.00,0,0
1512038214,s2-eth1,73540.00,1659100.00,1732640.00,1659100,73540,784.00,874.00,1658.00,874,784,0.00,0.00,0,0
1512038214,lo,4808.00,4808.00,9616.00,4808,4808,44.00,44.00,88.00,44,44,0.00,0.00,0,0
1512038214,s1-eth2,96758.00,2040034.00,2136792.00,2040034,96758,1031.00,1117.00,2148.00,1117,1031,0.00,0.00,0,0
1512038214,s3-eth2,406558.00,23302.00,429860.00,23302,406558,259.00,249.00,508.00,249,259,0.00,0.00,0,0
1512038214,s2-eth2,2040034.00,96758.00,2136792.00,96758,2040034,1117.00,1031.00,2148.00,1031,1117,0.00,0.00,0,0
1512038214,total,5185815.00,5600502.00,10786317.00,5600502,5185815,5481.00,5689.00,11170.00,5689,5481,0.00,0.00,0,0
1512038215,s1-eth3,2476982.00,117592.00,2594574.00,117592,2476982,1282.00,1280.00,2562.00,1280,1282,0.00,0.00,0,0
1512038215,s2-eth3,21460.00,402135.00,423595.00,402135,21460,255.00,255.00,510.00,255,255,0.00,0.00,0,0
1512038215,ens33,0.00,0.00,0.00,0,0,0.00,0.00,0.00,0,0,0.00,0.00,0,0
1512038215,s1-eth1,28042.00,589194.00,617236.00,589194,28042,296.00,305.00,601.00,305,296,0.00,0.00,0,0
1512038215,s3-eth1,21663.00,401932.00,423595.00,401932,21663,256.00,254.00,510.00,254,256,0.00,0.00,0,0
1512038215,s2-eth1,69511.00,1237314.00,1306825.00,1237314,69511,736.00,713.00,1449.00,713,736,0.00,0.00,0,0
1512038215,lo,1956.00,1956.00,3912.00,1956,1956,18.00,18.00,36.00,18,18,0.00,0.00,0,0
1512038215,s1-eth2,90159.00,1665192.00,1755351.00,1665192,90159,987.00,983.00,1970.00,983,987,0.00,0.00,0,0
1512038215,s3-eth2,402135.00,21460.00,423595.00,21460,402135,255.00,255.00,510.00,255,255,0.00,0.00,0,0
1512038215,s2-eth2,1665192.00,90159.00,1755351.00,90159,1665192,983.00,987.00,1970.00,987,983,0.00,0.00,0,0
1512038215,total,4777100.00,4526934.00,9304034.00,4526934,4777100,5068.00,5050.00,10118.00,5050,5068,0.00,0.00,0,0
1512038216,s1-eth3,2489649.00,130958.00,2620607.00,130958,2489649,1476.00,1437.00,2913.00,1437,1476,0.00,0.00,0,0
1512038216,s2-eth3,24216.00,425694.00,449910.00,425694,24216,260.00,263.00,523.00,263,260,0.00,0.00,0,0
1512038216,ens33,0.00,0.00,0.00,0,0,0.00,0.00,0.00,0,0,0.00,0.00,0,0
1512038216,s1-eth1,27854.00,723074.00,750928.00,723074,27854,333.00,337.00,670.00,337,333,0.00,0.00,0,0
1512038216,s3-eth1,24216.00,425694.00,449910.00,425694,24216,260.00,263.00,523.00,263,260,0.00,0.00,0,0
1512038216,s2-eth1,78888.00,1275366.00,1354254.00,1275366,78888,844.00,763.00,1607.00,763,844,0.00,0.00,0,0
1512038216,lo,0.00,0.00,0.00,0,0,0.00,0.00,0.00,0,0,0.00,0.00,0,0
1512038216,s1-eth2,103104.00,1701060.00,1804164.00,1701060,103104,1104.00,1026.00,2130.00,1026,1104,0.00,0.00,0,0
1512038216,s3-eth2,425694.00,24216.00,449910.00,24216,425694,263.00,260.00,523.00,260,263,0.00,0.00,0,0
1512038216,s2-eth2,1701060.00,103104.00,1804164.00,103104,1701060,1026.00,1104.00,2130.00,1104,1026,0.00,0.00,0,0
1512038216,total,4874681.00,4809166.00,9683847.00,4809166,4874681,5566.00,5453.00,11019.00,5453,5566,0.00,0.00,0,0
1512038217,s1-eth3,2470042.00,73986.00,2544028.00,73986,2470042,1181.00,1121.00,2302.00,1121,1181,0.00,0.00,0,0
1512038217,s2-eth3,15180.00,409288.00,424468.00,409288,15180,230.00,168.00,398.00,168,230,0.00,0.00,0,0
1512038217,ens33,0.00,0.00,0.00,0,0,0.00,0.00,0.00,0,0,0.00,0.00,0,0
1512038217,s1-eth1,25344.00,1481792.00,1507136.00,1481792,25344,384.00,512.00,896.00,512,384,0.00,0.00,0,0
1512038217,s3-eth1,15180.00,409288.00,424468.00,409288,15180,230.00,168.00,398.00,168,230,0.00,0.00,0,0
1512038217,s2-eth1,33462.00,985826.00,1019288.00,985826,33462,507.00,369.00,876.00,369,507,0.00,0.00,0,0
1512038217,lo,0.00,0.00,0.00,0,0,0.00,0.00,0.00,0,0,0.00,0.00,0,0
1512038217,s1-eth2,48642.00,1395114.00,1443756.00,1395114,48642,737.00,537.00,1274.00,537,737,0.00,0.00,0,0
1512038217,s3-eth2,409288.00,15180.00,424468.00,15180,409288,168.00,230.00,398.00,230,168,0.00,0.00,0,0
1512038217,s2-eth2,1395114.00,48642.00,1443756.00,48642,1395114,537.00,737.00,1274.00,737,537,0.00,0.00,0,0
1512038217,total,4412252.00,4819116.00,9231368.00,4819116,4412252,3974.00,3842.00,7816.00,3842,3974,0.00,0.00,0,0
1512038218,s1-eth3,2450176.00,54120.00,2504296.00,54120,2450176,880.00,820.00,1700.00,820,880,0.00,0.00,0,0
1512038218,s2-eth3,8976.00,340238.00,349214.00,340238,8976,136.00,131.00,267.00,131,136,0.00,0.00,0,0
1512038218,ens33,0.00,0.00,0.00,0,0,0.00,0.00,0.00,0,0,0.00,0.00,0,0
1512038218,s1-eth1,23900.00,1097982.00,1121882.00,1097982,23900,362.00,379.00,741.00,379,362,0.00,0.00,0,0
1512038218,s3-eth1,8976.00,340238.00,349214.00,340238,8976,136.00,131.00,267.00,131,136,0.00,0.00,0,0
1512038218,s2-eth1,21384.00,1017942.00,1039326.00,1017942,21384,324.00,351.00,675.00,351,324,0.00,0.00,0,0
1512038218,lo,268.00,268.00,536.00,268,268,3.00,3.00,6.00,3,3,0.00,0.00,0,0
1512038218,s1-eth2,30360.00,1358250.00,1388610.00,1358250,30360,460.00,483.00,943.00,483,460,0.00,0.00,0,0
1512038218,s3-eth2,340238.00,8976.00,349214.00,8976,340238,131.00,136.00,267.00,136,131,0.00,0.00,0,0
1512038218,s2-eth2,1358250.00,30360.00,1388610.00,30360,1358250,483.00,460.00,943.00,460,483,0.00,0.00,0,0
1512038218,total,4242528.00,4248374.00,8490902.00,4248374,4242528,2915.00,2894.00,5809.00,2894,2915,0.00,0.00,0,0
1512038219,s1-eth3,2448798.00,54516.00,2503314.00,54516,2448798,859.00,826.00,1685.00,826,859,0.00,0.00,0,0
1512038219,s2-eth3,9450.00,372626.00,382076.00,372626,9450,143.00,139.00,282.00,139,143,0.00,0.00,0,0
1512038219,ens33,0.00,0.00,0.00,0,0,0.00,0.00,0.00,0,0,0.00,0.00,0,0
1512038219,s1-eth1,23636.00,1078766.00,1102402.00,1078766,23636,358.00,373.00,731.00,373,358,0.00,0.00,0,0
1512038219,s3-eth1,9520.00,372626.00,382146.00,372626,9520,144.00,139.00,283.00,139,144,0.00,0.00,0,0
1512038219,s2-eth1,22060.00,1003202.00,1025262.00,1003202,22060,334.00,347.00,681.00,347,334,0.00,0.00,0,0
1512038219,lo,2948.00,2948.00,5896.00,2948,2948,33.00,33.00,66.00,33,33,0.00,0.00,0,0
1512038219,s1-eth2,31160.00,1375828.00,1406988.00,1375828,31160,472.00,486.00,958.00,486,472,0.00,0.00,0,0
1512038219,s3-eth2,372626.00,9450.00,382076.00,9450,372626,139.00,143.00,282.00,143,139,0.00,0.00,0,0
1512038219,s2-eth2,1375828.00,31160.00,1406988.00,31160,1375828,486.00,472.00,958.00,472,486,0.00,0.00,0,0
1512038219,total,4296026.00,4301122.00,8597148.00,4301122,4296026,2968.00,2958.00,5926.00,2958,2968,0.00,0.00,0,0
1512038220,s1-eth3,2447354.00,54384.00,2501738.00,54384,2447354,859.00,824.00,1683.00,824,859,0.00,0.00,0,0
1512038220,s2-eth3,9376.00,377102.00,386478.00,377102,9376,142.00,141.00,283.00,141,142,0.00,0.00,0,0
1512038220,ens33,0.00,0.00,0.00,0,0,0.00,0.00,0.00,0,0,0.00,0.00,0,0
1512038220,s1-eth1,26800.00,1229824.00,1256624.00,1229824,26800,406.00,424.00,830.00,424,406,0.00,0.00,0,0
1512038220,s3-eth1,9376.00,377032.00,386408.00,377032,9376,142.00,140.00,282.00,140,142,0.00,0.00,0,0
1512038220,s2-eth1,18418.00,843118.00,861536.00,843118,18418,279.00,291.00,570.00,291,279,0.00,0.00,0,0
1512038220,lo,804.00,804.00,1608.00,804,804,9.00,9.00,18.00,9,9,0.00,0.00,0,0
1512038220,s1-eth2,27654.00,1220220.00,1247874.00,1220220,27654,419.00,432.00,851.00,432,419,0.00,0.00,0,0
1512038220,s3-eth2,377102.00,9376.00,386478.00,9376,377102,141.00,142.00,283.00,142,141,0.00,0.00,0,0
1512038220,s2-eth2,1220220.00,27654.00,1247874.00,27654,1220220,432.00,419.00,851.00,419,432,0.00,0.00,0,0
1512038220,total,4137104.00,4139514.00,8276618.00,4139514,4137104,2829.00,2822.00,5651.00,2822,2829,0.00,0.00,0,0
1512038221,s1-eth3,2446950.00,54190.00,2501140.00,54190,2446950,853.00,821.00,1674.00,821,853,0.00,0.00,0,0
1512038221,s2-eth3,7660.00,310156.00,317816.00,310156,7660,116.00,114.00,230.00,114,116,0.00,0.00,0,0
1512038221,ens33,0.00,0.00,0.00,0,0,0.00,0.00,0.00,0,0,0.00,0.00,0,0
1512038221,s1-eth1,26272.00,1206128.00,1232400.00,1206128,26272,398.00,416.00,814.00,416,398,0.00,0.00,0,0
1512038221,s3-eth1,7660.00,310156.00,317816.00,310156,7660,116.00,114.00,230.00,114,116,0.00,0.00,0,0
1512038221,s2-eth1,20398.00,936454.00,956852.00,936454,20398,309.00,323.00,632.00,323,309,0.00,0.00,0,0
1512038221,lo,804.00,804.00,1608.00,804,804,9.00,9.00,18.00,9,9,0.00,0.00,0,0
1512038221,s1-eth2,27988.00,1246610.00,1274598.00,1246610,27988,424.00,437.00,861.00,437,424,0.00,0.00,0,0
1512038221,s3-eth2,310156.00,7660.00,317816.00,7660,310156,114.00,116.00,230.00,116,114,0.00,0.00,0,0
1512038221,s2-eth2,1246610.00,27988.00,1274598.00,27988,1246610,437.00,424.00,861.00,424,437,0.00,0.00,0,0
1512038221,total,4094498.00,4100146.00,8194644.00,4100146,4094498,2776.00,2774.00,5550.00,2774,2776,0.00,0.00,0,0
1512038222,s1-eth3,2451158.00,53262.00,2504420.00,53262,2451158,851.00,807.00,1658.00,807,851,0.00,0.00,0,0
1512038222,s2-eth3,8382.00,389668.00,398050.00,389668,8382,127.00,134.00,261.00,134,127,0.00,0.00,0,0
1512038222,ens33,0.00,0.00,0.00,0,0,0.00,0.00,0.00,0,0,0.00,0.00,0,0
1512038222,s1-eth1,22115.00,1009056.00,1031171.00,1009056,22115,333.00,348.00,681.00,348,333,0.00,0.00,0,0
1512038222,s3-eth1,8382.00,389668.00,398050.00,389668,8382,127.00,134.00,261.00,134,127,0.00,0.00,0,0
1512038222,s2-eth1,22968.00,1055000.00,1077968.00,1055000,22968,348.00,364.00,712.00,364,348,0.00,0.00,0,0
1512038222,lo,0.00,0.00,0.00,0,0,0.00,0.00,0.00,0,0,0.00,0.00,0,0
1512038222,s1-eth2,31350.00,1444668.00,1476018.00,1444668,31350,475.00,498.00,973.00,498,475,0.00,0.00,0,0
1512038222,s3-eth2,389668.00,8382.00,398050.00,8382,389668,134.00,127.00,261.00,127,134,0.00,0.00,0,0
1512038222,s2-eth2,1444668.00,31350.00,1476018.00,31350,1444668,498.00,475.00,973.00,475,498,0.00,0.00,0,0
1512038222,total,4378691.00,4381054.00,8759745.00,4381054,4378691,2893.00,2887.00,5780.00,2887,2893,0.00,0.00,0,0
1512038223,s1-eth3,2448206.00,53328.00,2501534.00,53328,2448206,846.00,808.00,1654.00,808,846,0.00,0.00,0,0
1512038223,s2-eth3,8524.00,376575.00,385099.00,376575,8524,125.00,131.00,256.00,131,125,0.00,0.00,0,0
1512038223,ens33,0.00,0.00,0.00,0,0,0.00,0.00,0.00,0,0,0.00,0.00,0,0
1512038223,s1-eth1,25816.00,1167622.00,1193438.00,1167622,25816,387.00,403.00,790.00,403,387,0.00,0.00,0,0
1512038223,s3-eth1,8727.00,376372.00,385099.00,376372,8727,126.00,130.00,256.00,130,126,0.00,0.00,0,0
1512038223,s2-eth1,20409.00,911244.00,931653.00,911244,20409,303.00,314.00,617.00,314,303,0.00,0.00,0,0
1512038223,lo,1956.00,1956.00,3912.00,1956,1956,18.00,18.00,36.00,18,18,0.00,0.00,0,0
1512038223,s1-eth2,28121.00,1288022.00,1316143.00,1288022,28121,424.00,446.00,870.00,446,424,0.00,0.00,0,0
1512038223,s3-eth2,376575.00,8524.00,385099.00,8524,376575,131.00,125.00,256.00,125,131,0.00,0.00,0,0
1512038223,s2-eth2,1288022.00,28121.00,1316143.00,28121,1288022,446.00,424.00,870.00,424,446,0.00,0.00,0,0
1512038223,total,4206356.00,4211764.00,8418120.00,4211764,4206356,2806.00,2799.00,5605.00,2799,2806,0.00,0.00,0,0
1512038224,s1-eth3,2443593.00,53262.00,2496855.00,53262,2443593,844.00,807.00,1651.00,807,844,0.00,0.00,0,0
1512038224,s2-eth3,8184.00,376372.00,384556.00,376372,8184,124.00,130.00,254.00,130,124,0.00,0.00,0,0
1512038224,ens33,0.00,0.00,0.00,0,0,0.00,0.00,0.00,0,0,0.00,0.00,0,0
1512038224,s1-eth1,26664.00,1226862.00,1253526.00,1226862,26664,404.00,423.00,827.00,423,404,0.00,0.00,0,0
1512038224,s3-eth1,8184.00,376372.00,384556.00,376372,8184,124.00,130.00,254.00,130,124,0.00,0.00,0,0
1512038224,s2-eth1,18414.00,849042.00,867456.00,849042,18414,279.00,293.00,572.00,293,279,0.00,0.00,0,0
1512038224,lo,0.00,0.00,0.00,0,0,0.00,0.00,0.00,0,0,0.00,0.00,0,0
1512038224,s1-eth2,26598.00,1225414.00,1252012.00,1225414,26598,403.00,423.00,826.00,423,403,0.00,0.00,0,0
1512038224,s3-eth2,376372.00,8184.00,384556.00,8184,376372,130.00,124.00,254.00,124,130,0.00,0.00,0,0
1512038224,s2-eth2,1225414.00,26598.00,1252012.00,26598,1225414,423.00,403.00,826.00,403,423,0.00,0.00,0,0
1512038224,total,4133423.00,4142106.00,8275529.00,4142106,4133423,2731.00,2733.00,5464.00,2733,2731,0.00,0.00,0,0
1512038225,s1-eth3,2449314.00,53262.00,2502576.00,53262,2449314,845.00,807.00,1652.00,807,845,0.00,0.00,0,0
1512038225,s2-eth3,6732.00,311142.00,317874.00,311142,6732,102.00,107.00,209.00,107,102,0.00,0.00,0,0
1512038225,ens33,0.00,0.00,0.00,0,0,0.00,0.00,0.00,0,0,0.00,0.00,0,0
1512038225,s1-eth1,25014.00,1149850.00,1174864.00,1149850,25014,379.00,397.00,776.00,397,379,0.00,0.00,0,0
1512038225,s3-eth1,6732.00,311142.00,317874.00,311142,6732,102.00,107.00,209.00,107,102,0.00,0.00,0,0
1512038225,s2-eth1,21516.00,988322.00,1009838.00,988322,21516,326.00,341.00,667.00,341,326,0.00,0.00,0,0
1512038225,lo,0.00,0.00,0.00,0,0,0.00,0.00,0.00,0,0,0.00,0.00,0,0
1512038225,s1-eth2,28248.00,1299464.00,1327712.00,1299464,28248,428.00,448.00,876.00,448,428,0.00,0.00,0,0
1512038225,s3-eth2,311142.00,6732.00,317874.00,6732,311142,107.00,102.00,209.00,102,107,0.00,0.00,0,0
1512038225,s2-eth2,1299464.00,28248.00,1327712.00,28248,1299464,448.00,428.00,876.00,428,448,0.00,0.00,0,0
1512038225,total,4148162.00,4148162.00,8296324.00,4148162,4148162,2737.00,2737.00,5474.00,2737,2737,0.00,0.00,0,0
1512038226,s1-eth3,2424104.00,52800.00,2476904.00,52800,2424104,836.00,800.00,1636.00,800,836,0.00,0.00,0,0
1512038226,s2-eth3,8778.00,403030.00,411808.00,403030,8778,133.00,139.00,272.00,139,133,0.00,0.00,0,0
1512038226,ens33,0.00,0.00,0.00,0,0,0.00,0.00,0.00,0,0,0.00,0.00,0,0
1512038226,s1-eth1,21780.00,1003132.00,1024912.00,1003132,21780,330.00,346.00,676.00,346,330,0.00,0.00,0,0
1512038226,s3-eth1,8778.00,403030.00,411808.00,403030,8778,133.00,139.00,272.00,139,133,0.00,0.00,0,0
1512038226,s2-eth1,22242.00,1023866.00,1046108.00,1023866,22242,337.00,353.00,690.00,353,337,0.00,0.00,0,0
1512038226,lo,0.00,0.00,0.00,0,0,0.00,0.00,0.00,0,0,0.00,0.00,0,0
1512038226,s1-eth2,31020.00,1426896.00,1457916.00,1426896,31020,470.00,492.00,962.00,492,470,0.00,0.00,0,0
1512038226,s3-eth2,403030.00,8778.00,411808.00,8778,403030,139.00,133.00,272.00,133,139,0.00,0.00,0,0
1512038226,s2-eth2,1426896.00,31020.00,1457916.00,31020,1426896,492.00,470.00,962.00,470,492,0.00,0.00,0,0
1512038226,total,4346628.00,4352552.00,8699180.00,4352552,4346628,2870.00,2872.00,5742.00,2872,2870,0.00,0.00,0,0
1512038227,s1-eth3,2446352.00,53328.00,2499680.00,53328,2446352,844.00,808.00,1652.00,808,844,0.00,0.00,0,0
1512038227,s2-eth3,7986.00,370448.00,378434.00,370448,7986,121.00,128.00,249.00,128,121,0.00,0.00,0,0
1512038227,ens33,0.00,0.00,0.00,0,0,0.00,0.00,0.00,0,0,0.00,0.00,0,0
1512038227,s1-eth1,26136.00,1200204.00,1226340.00,1200204,26136,396.00,414.00,810.00,414,396,0.00,0.00,0,0
1512038227,s3-eth1,7986.00,370448.00,378434.00,370448,7986,121.00,128.00,249.00,128,121,0.00,0.00,0,0
1512038227,s2-eth1,19206.00,883138.00,902344.00,883138,19206,291.00,305.00,596.00,305,291,0.00,0.00,0,0
1512038227,lo,0.00,0.00,0.00,0,0,0.00,0.00,0.00,0,0,0.00,0.00,0,0
1512038227,s1-eth2,27192.00,1253586.00,1280778.00,1253586,27192,412.00,433.00,845.00,433,412,0.00,0.00,0,0
1512038227,s3-eth2,370448.00,7986.00,378434.00,7986,370448,128.00,121.00,249.00,121,128,0.00,0.00,0,0
1512038227,s2-eth2,1253586.00,27192.00,1280778.00,27192,1253586,433.00,412.00,845.00,412,433,0.00,0.00,0,0
1512038227,total,4158892.00,4166330.00,8325222.00,4166330,4158892,2746.00,2749.00,5495.00,2749,2746,0.00,0.00,0,0
1512038228,s1-eth3,2444838.00,53262.00,2498100.00,53262,2444838,843.00,807.00,1650.00,807,843,0.00,0.00,0,0
1512038228,s2-eth3,8184.00,376372.00,384556.00,376372,8184,124.00,130.00,254.00,130,124,0.00,0.00,0,0
1512038228,ens33,0.00,0.00,0.00,0,0,0.00,0.00,0.00,0,0,0.00,0.00,0,0
1512038228,s1-eth1,26070.00,1200204.00,1226274.00,1200204,26070,395.00,414.00,809.00,414,395,0.00,0.00,0,0
1512038228,s3-eth1,8184.00,376372.00,384556.00,376372,8184,124.00,130.00,254.00,130,124,0.00,0.00,0,0
1512038228,s2-eth1,19008.00,875700.00,894708.00,875700,19008,288.00,302.00,590.00,302,288,0.00,0.00,0,0
1512038228,lo,516.00,516.00,1032.00,516,516,9.00,9.00,18.00,9,9,0.00,0.00,0,0
1512038228,s1-eth2,27192.00,1252072.00,1279264.00,1252072,27192,412.00,432.00,844.00,432,412,0.00,0.00,0,0
1512038228,s3-eth2,376372.00,8184.00,384556.00,8184,376372,130.00,124.00,254.00,124,130,0.00,0.00,0,0
1512038228,s2-eth2,1252072.00,27192.00,1279264.00,27192,1252072,432.00,412.00,844.00,412,432,0.00,0.00,0,0
1512038228,total,4162436.00,4169874.00,8332310.00,4169874,4162436,2757.00,2760.00,5517.00,2760,2757,0.00,0.00,0,0
1512038229,s1-eth3,2449314.00,53328.00,2502642.00,53328,2449314,845.00,808.00,1653.00,808,845,0.00,0.00,0,0
1512038229,s2-eth3,7128.00,330428.00,337556.00,330428,7128,108.00,114.00,222.00,114,108,0.00,0.00,0,0
1512038229,ens33,0.00,0.00,0.00,0,0,0.00,0.00,0.00,0,0,0.00,0.00,0,0
1512038229,s1-eth1,24750.00,1139450.00,1164200.00,1139450,24750,375.00,393.00,768.00,393,375,0.00,0.00,0,0
1512038229,s3-eth1,7128.00,330428.00,337556.00,330428,7128,108.00,114.00,222.00,114,108,0.00,0.00,0,0
1512038229,s2-eth1,21450.00,986808.00,1008258.00,986808,21450,325.00,340.00,665.00,340,325,0.00,0.00,0,0
1512038229,lo,0.00,0.00,0.00,0,0,0.00,0.00,0.00,0,0,0.00,0.00,0,0
1512038229,s1-eth2,28578.00,1317236.00,1345814.00,1317236,28578,433.00,454.00,887.00,454,433,0.00,0.00,0,0
1512038229,s3-eth2,330428.00,7128.00,337556.00,7128,330428,114.00,108.00,222.00,108,114,0.00,0.00,0,0
1512038229,s2-eth2,1317236.00,28578.00,1345814.00,28578,1317236,454.00,433.00,887.00,433,454,0.00,0.00,0,0
1512038229,total,4186012.00,4193384.00,8379396.00,4193384,4186012,2762.00,2764.00,5526.00,2764,2762,0.00,0.00,0,0
1512038230,s1-eth3,2447800.00,53328.00,2501128.00,53328,2447800,844.00,808.00,1652.00,808,844,0.00,0.00,0,0
1512038230,s2-eth3,8844.00,405992.00,414836.00,405992,8844,134.00,140.00,274.00,140,134,0.00,0.00,0,0
1512038230,ens33,0.00,0.00,0.00,0,0,0.00,0.00,0.00,0,0,0.00,0.00,0,0
1512038230,s1-eth1,22308.00,1023866.00,1046174.00,1023866,22308,338.00,353.00,691.00,353,338,0.00,0.00,0,0
1512038230,s3-eth1,8844.00,405992.00,414836.00,405992,8844,134.00,140.00,274.00,140,134,0.00,0.00,0,0
1512038230,s2-eth1,22176.00,1019456.00,1041632.00,1019456,22176,336.00,352.00,688.00,352,336,0.00,0.00,0,0
1512038230,lo,0.00,0.00,0.00,0,0,0.00,0.00,0.00,0,0,0.00,0.00,0,0
1512038230,s1-eth2,31020.00,1425448.00,1456468.00,1425448,31020,470.00,492.00,962.00,492,470,0.00,0.00,0,0
1512038230,s3-eth2,405992.00,8844.00,414836.00,8844,405992,140.00,134.00,274.00,134,140,0.00,0.00,0,0
1512038230,s2-eth2,1425448.00,31020.00,1456468.00,31020,1425448,492.00,470.00,962.00,470,492,0.00,0.00,0,0
1512038230,total,4372432.00,4373946.00,8746378.00,4373946,4372432,2888.00,2889.00,5777.00,2889,2888,0.00,0.00,0,0
1512038231,s1-eth3,2447866.00,53412.00,2501278.00,53412,2447866,845.00,810.00,1655.00,810,845,0.00,0.00,0,0
1512038231,s2-eth3,8358.00,383786.00,392144.00,383786,8358,127.00,133.00,260.00,133,127,0.00,0.00,0,0
1512038231,ens33,0.00,0.00,0.00,0,0,0.00,0.00,0.00,0,0,0.00,0.00,0,0
1512038231,s1-eth1,25716.00,1182474.00,1208190.00,1182474,25716,390.00,409.00,799.00,409,390,0.00,0.00,0,0
1512038231,s3-eth1,8358.00,383786.00,392144.00,383786,8358,127.00,133.00,260.00,133,127,0.00,0.00,0,0
1512038231,s2-eth1,19338.00,892024.00,911362.00,892024,19338,293.00,308.00,601.00,308,293,0.00,0.00,0,0
1512038231,lo,2316.00,2316.00,4632.00,2316,2316,23.00,23.00,46.00,23,23,0.00,0.00,0,0
1512038231,s1-eth2,27696.00,1275810.00,1303506.00,1275810,27696,420.00,441.00,861.00,441,420,0.00,0.00,0,0
1512038231,s3-eth2,383786.00,8358.00,392144.00,8358,383786,133.00,127.00,260.00,127,133,0.00,0.00,0,0
1512038231,s2-eth2,1275810.00,27696.00,1303506.00,27696,1275810,441.00,420.00,861.00,420,441,0.00,0.00,0,0
1512038231,total,4199244.00,4209662.00,8408906.00,4209662,4199244,2799.00,2804.00,5603.00,2804,2799,0.00,0.00,0,0
1512038232,s1-eth3,2449398.00,53328.00,2502726.00,53328,2449398,847.00,808.00,1655.00,808,847,0.00,0.00,0,0
1512038232,s2-eth3,8316.00,379334.00,387650.00,379334,8316,126.00,131.00,257.00,131,126,0.00,0.00,0,0
1512038232,ens33,0.00,0.00,0.00,0,0,0.00,0.00,0.00,0,0,0.00,0.00,0,0
1512038232,s1-eth1,26268.00,1206128.00,1232396.00,1206128,26268,398.00,416.00,814.00,416,398,0.00,0.00,0,0
1512038232,s3-eth1,8386.00,379334.00,387720.00,379334,8386,127.00,131.00,258.00,131,127,0.00,0.00,0,0
1512038232,s2-eth1,18744.00,862338.00,881082.00,862338,18744,284.00,297.00,581.00,297,284,0.00,0.00,0,0
1512038232,lo,0.00,0.00,0.00,0,0,0.00,0.00,0.00,0,0,0.00,0.00,0,0
1512038232,s1-eth2,27060.00,1241672.00,1268732.00,1241672,27060,410.00,428.00,838.00,428,410,0.00,0.00,0,0
1512038232,s3-eth2,379334.00,8316.00,387650.00,8316,379334,131.00,126.00,257.00,126,131,0.00,0.00,0,0
1512038232,s2-eth2,1241672.00,27060.00,1268732.00,27060,1241672,428.00,410.00,838.00,410,428,0.00,0.00,0,0
1512038232,total,4159178.00,4157510.00,8316688.00,4157510,4159178,2751.00,2747.00,5498.00,2747,2751,0.00,0.00,0,0
1512038233,s1-eth3,2447800.00,53460.00,2501260.00,53460,2447800,844.00,810.00,1654.00,810,844,0.00,0.00,0,0
1512038233,s2-eth3,7194.00,327466.00,334660.00,327466,7194,109.00,113.00,222.00,113,109,0.00,0.00,0,0
1512038233,ens33,0.00,0.00,0.00,0,0,0.00,0.00,0.00,0,0,0.00,0.00,0,0
1512038233,s1-eth1,25084.00,1151298.00,1176382.00,1151298,25084,380.00,397.00,777.00,397,380,0.00,0.00,0,0
1512038233,s3-eth1,7194.00,327466.00,334660.00,327466,7194,109.00,113.00,222.00,113,109,0.00,0.00,0,0
1512038233,s2-eth1,21252.00,976474.00,997726.00,976474,21252,322.00,337.00,659.00,337,322,0.00,0.00,0,0
1512038233,lo,268.00,268.00,536.00,268,268,3.00,3.00,6.00,3,3,0.00,0.00,0,0
1512038233,s1-eth2,28446.00,1304010.00,1332456.00,1304010,28446,431.00,451.00,882.00,451,431,0.00,0.00,0,0
1512038233,s3-eth2,327466.00,7194.00,334660.00,7194,327466,113.00,109.00,222.00,109,113,0.00,0.00,0,0
1512038233,s2-eth2,1304010.00,28446.00,1332456.00,28446,1304010,451.00,431.00,882.00,431,451,0.00,0.00,0,0
1512038233,total,4168714.00,4176082.00,8344796.00,4176082,4168714,2762.00,2764.00,5526.00,2764,2762,0.00,0.00,0,0
1512038234,s1-eth3,2446492.00,53328.00,2499820.00,53328,2446492,846.00,808.00,1654.00,808,846,0.00,0.00,0,0
1512038234,s2-eth3,8922.00,400068.00,408990.00,400068,8922,135.00,138.00,273.00,138,135,0.00,0.00,0,0
1512038234,ens33,0.00,0.00,0.00,0,0,0.00,0.00,0.00,0,0,0.00,0.00,0,0
1512038234,s1-eth1,22052.00,1009126.00,1031178.00,1009126,22052,334.00,349.00,683.00,349,334,0.00,0.00,0,0
1512038234,s3-eth1,8922.00,400068.00,408990.00,400068,8922,135.00,138.00,273.00,138,135,0.00,0.00,0,0
1512038234,s2-eth1,22844.00,1044670.00,1067514.00,1044670,22844,346.00,361.00,707.00,361,346,0.00,0.00,0,0
1512038234,lo,2144.00,2144.00,4288.00,2144,2144,24.00,24.00,48.00,24,24,0.00,0.00,0,0
1512038234,s1-eth2,31556.00,1444738.00,1476294.00,1444738,31556,478.00,499.00,977.00,499,478,0.00,0.00,0,0
1512038234,s3-eth2,400068.00,8922.00,408990.00,8922,400068,138.00,135.00,273.00,135,138,0.00,0.00,0,0
1512038234,s2-eth2,1444738.00,31556.00,1476294.00,31556,1444738,499.00,478.00,977.00,478,499,0.00,0.00,0,0
1512038234,total,4387738.00,4394620.00,8782358.00,4394620,4387738,2935.00,2930.00,5865.00,2930,2935,0.00,0.00,0,0
1512038235,s1-eth3,2447940.00,53328.00,2501268.00,53328,2447940,846.00,808.00,1654.00,808,846,0.00,0.00,0,0
1512038235,s2-eth3,8844.00,409024.00,417868.00,409024,8844,134.00,142.00,276.00,142,134,0.00,0.00,0,0
1512038235,ens33,0.00,0.00,0.00,0,0,0.00,0.00,0.00,0,0,0.00,0.00,0,0
1512038235,s1-eth1,24688.00,1132078.00,1156766.00,1132078,24688,374.00,391.00,765.00,391,374,0.00,0.00,0,0
1512038235,s3-eth1,8844.00,409024.00,417868.00,409024,8844,134.00,142.00,276.00,142,134,0.00,0.00,0,0
1512038235,s2-eth1,20006.00,915720.00,935726.00,915720,20006,303.00,316.00,619.00,316,303,0.00,0.00,0,0
1512038235,lo,804.00,804.00,1608.00,804,804,9.00,9.00,18.00,9,9,0.00,0.00,0,0
1512038235,s1-eth2,28710.00,1324744.00,1353454.00,1324744,28710,435.00,458.00,893.00,458,435,0.00,0.00,0,0
1512038235,s3-eth2,409024.00,8844.00,417868.00,8844,409024,142.00,134.00,276.00,134,142,0.00,0.00,0,0
1512038235,s2-eth2,1324744.00,28710.00,1353454.00,28710,1324744,458.00,435.00,893.00,435,458,0.00,0.00,0,0
1512038235,total,4273604.00,4282276.00,8555880.00,4282276,4273604,2835.00,2835.00,5670.00,2835,2835,0.00,0.00,0,0
1512038236,s1-eth3,2446422.00,53196.00,2499618.00,53196,2446422,845.00,806.00,1651.00,806,845,0.00,0.00,0,0
1512038236,s2-eth3,8316.00,382296.00,390612.00,382296,8316,126.00,132.00,258.00,132,126,0.00,0.00,0,0
1512038236,ens33,0.00,0.00,0.00,0,0,0.00,0.00,0.00,0,0,0.00,0.00,0,0
1512038236,s1-eth1,26400.00,1215014.00,1241414.00,1215014,26400,400.00,419.00,819.00,419,400,0.00,0.00,0,0
1512038236,s3-eth1,8316.00,382296.00,390612.00,382296,8316,126.00,132.00,258.00,132,126,0.00,0.00,0,0
1512038236,s2-eth1,18480.00,849042.00,867522.00,849042,18480,280.00,293.00,573.00,293,280,0.00,0.00,0,0
1512038236,lo,0.00,0.00,0.00,0,0,0.00,0.00,0.00,0,0,0.00,0.00,0,0
1512038236,s1-eth2,26796.00,1231338.00,1258134.00,1231338,26796,406.00,425.00,831.00,425,406,0.00,0.00,0,0
1512038236,s3-eth2,382296.00,8316.00,390612.00,8316,382296,132.00,126.00,258.00,126,132,0.00,0.00,0,0
1512038236,s2-eth2,1231338.00,26796.00,1258134.00,26796,1231338,425.00,406.00,831.00,406,425,0.00,0.00,0,0
1512038236,total,4148364.00,4148294.00,8296658.00,4148294,4148364,2740.00,2739.00,5479.00,2739,2740,0.00,0.00,0,0
1512038237,s1-eth3,2446352.00,53394.00,2499746.00,53394,2446352,844.00,809.00,1653.00,809,844,0.00,0.00,0,0
1512038237,s2-eth3,7330.00,333390.00,340720.00,333390,7330,111.00,115.00,226.00,115,111,0.00,0.00,0,0
1512038237,ens33,0.00,0.00,0.00,0,0,0.00,0.00,0.00,0,0,0.00,0.00,0,0
1512038237,s1-eth1,26466.00,1217976.00,1244442.00,1217976,26466,401.00,420.00,821.00,420,401,0.00,0.00,0,0
1512038237,s3-eth1,7330.00,333390.00,340720.00,333390,7330,111.00,115.00,226.00,115,111,0.00,0.00,0,0
1512038237,s2-eth1,19668.00,905320.00,924988.00,905320,19668,298.00,312.00,610.00,312,298,0.00,0.00,0,0
1512038237,lo,268.00,268.00,536.00,268,268,3.00,3.00,6.00,3,3,0.00,0.00,0,0
1512038237,s1-eth2,26928.00,1238710.00,1265638.00,1238710,26928,408.00,427.00,835.00,427,408,0.00,0.00,0,0
1512038237,s3-eth2,333390.00,7330.00,340720.00,7330,333390,115.00,111.00,226.00,111,115,0.00,0.00,0,0
1512038237,s2-eth2,1238710.00,26928.00,1265638.00,26928,1238710,427.00,408.00,835.00,408,427,0.00,0.00,0,0
1512038237,total,4106442.00,4116706.00,8223148.00,4116706,4106442,2718.00,2720.00,5438.00,2720,2718,0.00,0.00,0,0
1512038238,s1-eth3,2450762.00,53370.00,2504132.00,53370,2450762,845.00,809.00,1654.00,809,845,0.00,0.00,0,0
1512038238,s2-eth3,8646.00,397106.00,405752.00,397106,8646,131.00,137.00,268.00,137,131,0.00,0.00,0,0
1512038238,ens33,0.00,0.00,0.00,0,0,0.00,0.00,0.00,0,0,0.00,0.00,0,0
1512038238,s1-eth1,22247.00,1012018.00,1034265.00,1012018,22247,335.00,349.00,684.00,349,335,0.00,0.00,0,0
1512038238,s3-eth1,8646.00,397106.00,405752.00,397106,8646,131.00,137.00,268.00,137,131,0.00,0.00,0,0
1512038238,s2-eth1,22680.00,1040232.00,1062912.00,1040232,22680,344.00,360.00,704.00,360,344,0.00,0.00,0,0
1512038238,lo,0.00,0.00,0.00,0,0,0.00,0.00,0.00,0,0,0.00,0.00,0,0
1512038238,s1-eth2,31326.00,1437338.00,1468664.00,1437338,31326,475.00,497.00,972.00,497,475,0.00,0.00,0,0
1512038238,s3-eth2,397106.00,8646.00,405752.00,8646,397106,137.00,131.00,268.00,131,137,0.00,0.00,0,0
1512038238,s2-eth2,1437338.00,31326.00,1468664.00,31326,1437338,497.00,475.00,972.00,475,497,0.00,0.00,0,0
1512038238,total,4378751.00,4377142.00,8755893.00,4377142,4378751,2895.00,2895.00,5790.00,2895,2895,0.00,0.00,0,0
1512038239,s1-eth3,2446800.00,53394.00,2500194.00,53394,2446800,847.00,809.00,1656.00,809,847,0.00,0.00,0,0
1512038239,s2-eth3,9580.00,421075.00,430655.00,421075,9580,141.00,147.00,288.00,147,141,0.00,0.00,0,0
1512038239,ens33,0.00,0.00,0.00,0,0,0.00,0.00,0.00,0,0,0.00,0.00,0,0
1512038239,s1-eth1,23576.00,1063886.00,1087462.00,1063886,23576,353.00,367.00,720.00,367,353,0.00,0.00,0,0
1512038239,s3-eth1,9783.00,420802.00,430585.00,420802,9783,142.00,145.00,287.00,145,142,0.00,0.00,0,0
1512038239,s2-eth1,21799.00,973512.00,995311.00,973512,21799,324.00,336.00,660.00,336,324,0.00,0.00,0,0
1512038239,lo,2492.00,2492.00,4984.00,2492,2492,24.00,24.00,48.00,24,24,0.00,0.00,0,0
1512038239,s1-eth2,30497.00,1394790.00,1425287.00,1394790,30497,460.00,484.00,944.00,484,460,0.00,0.00,0,0
1512038239,s3-eth2,421075.00,9580.00,430655.00,9580,421075,147.00,141.00,288.00,141,147,0.00,0.00,0,0
1512038239,s2-eth2,1394790.00,30497.00,1425287.00,30497,1394790,484.00,460.00,944.00,460,484,0.00,0.00,0,0
1512038239,total,4360392.00,4370028.00,8730420.00,4370028,4360392,2922.00,2913.00,5835.00,2913,2922,0.00,0.00,0,0
1512038240,s1-eth3,2376985.00,51678.00,2428663.00,51678,2376985,822.00,783.00,1605.00,783,822,0.00,0.00,0,0
1512038240,s2-eth3,7854.00,364524.00,372378.00,364524,7854,119.00,126.00,245.00,126,119,0.00,0.00,0,0
1512038240,ens33,0.00,0.00,0.00,0,0,0.00,0.00,0.00,0,0,0.00,0.00,0,0
1512038240,s1-eth1,24816.00,1139450.00,1164266.00,1139450,24816,376.00,393.00,769.00,393,376,0.00,0.00,0,0
1512038240,s3-eth1,7854.00,364524.00,372378.00,364524,7854,119.00,126.00,245.00,126,119,0.00,0.00,0,0
1512038240,s2-eth1,19008.00,872738.00,891746.00,872738,19008,288.00,301.00,589.00,301,288,0.00,0.00,0,0
1512038240,lo,0.00,0.00,0.00,0,0,0.00,0.00,0.00,0,0,0.00,0.00,0,0
1512038240,s1-eth2,26862.00,1237262.00,1264124.00,1237262,26862,407.00,427.00,834.00,427,407,0.00,0.00,0,0
1512038240,s3-eth2,364524.00,7854.00,372378.00,7854,364524,126.00,119.00,245.00,119,126,0.00,0.00,0,0
1512038240,s2-eth2,1237262.00,26862.00,1264124.00,26862,1237262,427.00,407.00,834.00,407,427,0.00,0.00,0,0
1512038240,total,4065165.00,4064892.00,8130057.00,4064892,4065165,2684.00,2682.00,5366.00,2682,2684,0.00,0.00,0,0
1512038241,s1-eth3,2446352.00,53266.00,2499618.00,53266,2446352,844.00,807.00,1651.00,807,844,0.00,0.00,0,0
1512038241,s2-eth3,8650.00,395592.00,404242.00,395592,8650,131.00,136.00,267.00,136,131,0.00,0.00,0,0
1512038241,ens33,0.00,0.00,0.00,0,0,0.00,0.00,0.00,0,0,0.00,0.00,0,0
1512038241,s1-eth1,26338.00,1209090.00,1235428.00,1209090,26338,399.00,417.00,816.00,417,399,0.00,0.00,0,0
1512038241,s3-eth1,8650.00,395592.00,404242.00,395592,8650,131.00,136.00,267.00,136,131,0.00,0.00,0,0
1512038241,s2-eth1,18418.00,847528.00,865946.00,847528,18418,279.00,292.00,571.00,292,279,0.00,0.00,0,0
1512038241,lo,804.00,804.00,1608.00,804,804,9.00,9.00,18.00,9,9,0.00,0.00,0,0
1512038241,s1-eth2,26998.00,1243120.00,1270118.00,1243120,26998,409.00,428.00,837.00,428,409,0.00,0.00,0,0
1512038241,s3-eth2,395592.00,8650.00,404242.00,8650,395592,136.00,131.00,267.00,131,136,0.00,0.00,0,0
1512038241,s2-eth2,1243120.00,26998.00,1270118.00,26998,1243120,428.00,409.00,837.00,409,428,0.00,0.00,0,0
1512038241,total,4174922.00,4180640.00,8355562.00,4180640,4174922,2766.00,2765.00,5531.00,2765,2766,0.00,0.00,0,0
1512038242,s1-eth3,2443390.00,53328.00,2496718.00,53328,2443390,843.00,808.00,1651.00,808,843,0.00,0.00,0,0
1512038242,s2-eth3,7062.00,323056.00,330118.00,323056,7062,107.00,112.00,219.00,112,107,0.00,0.00,0,0
1512038242,ens33,0.00,0.00,0.00,0,0,0.00,0.00,0.00,0,0,0.00,0.00,0,0
1512038242,s1-eth1,25674.00,1182432.00,1208106.00,1182432,25674,389.00,408.00,797.00,408,389,0.00,0.00,0,0
1512038242,s3-eth1,7062.00,323056.00,330118.00,323056,7062,107.00,112.00,219.00,112,107,0.00,0.00,0,0
1512038242,s2-eth1,20592.00,946854.00,967446.00,946854,20592,312.00,327.00,639.00,327,312,0.00,0.00,0,0
1512038242,lo,0.00,0.00,0.00,0,0,0.00,0.00,0.00,0,0,0.00,0.00,0,0
1512038242,s1-eth2,27654.00,1269910.00,1297564.00,1269910,27654,419.00,439.00,858.00,439,419,0.00,0.00,0,0
1512038242,s3-eth2,323056.00,7062.00,330118.00,7062,323056,112.00,107.00,219.00,107,112,0.00,0.00,0,0
1512038242,s2-eth2,1269910.00,27654.00,1297564.00,27654,1269910,439.00,419.00,858.00,419,439,0.00,0.00,0,0
1512038242,total,4124400.00,4133352.00,8257752.00,4133352,4124400,2728.00,2732.00,5460.00,2732,2728,0.00,0.00,0,0
1512038243,s1-eth3,2447800.00,53394.00,2501194.00,53394,2447800,844.00,809.00,1653.00,809,844,0.00,0.00,0,0
1512038243,s2-eth3,9174.00,417840.00,427014.00,417840,9174,139.00,144.00,283.00,144,139,0.00,0.00,0,0
1512038243,ens33,0.00,0.00,0.00,0,0,0.00,0.00,0.00,0,0,0.00,0.00,0,0
1512038243,s1-eth1,22308.00,1023866.00,1046174.00,1023866,22308,338.00,353.00,691.00,353,338,0.00,0.00,0,0
1512038243,s3-eth1,9174.00,417840.00,427014.00,417840,9174,139.00,144.00,283.00,144,139,0.00,0.00,0,0
1512038243,s2-eth1,21912.00,1009056.00,1030968.00,1009056,21912,332.00,348.00,680.00,348,332,0.00,0.00,0,0
1512038243,lo,0.00,0.00,0.00,0,0,0.00,0.00,0.00,0,0,0.00,0.00,0,0
1512038243,s1-eth2,31086.00,1426896.00,1457982.00,1426896,31086,471.00,492.00,963.00,492,471,0.00,0.00,0,0
1512038243,s3-eth2,417840.00,9174.00,427014.00,9174,417840,144.00,139.00,283.00,139,144,0.00,0.00,0,0
1512038243,s2-eth2,1426896.00,31086.00,1457982.00,31086,1426896,492.00,471.00,963.00,471,492,0.00,0.00,0,0
1512038243,total,4386190.00,4389152.00,8775342.00,4389152,4386190,2899.00,2900.00,5799.00,2900,2899,0.00,0.00,0,0
1512038244,s1-eth3,2449314.00,53328.00,2502642.00,53328,2449314,845.00,808.00,1653.00,808,845,0.00,0.00,0,0
1512038244,s2-eth3,9108.00,420802.00,429910.00,420802,9108,138.00,145.00,283.00,145,138,0.00,0.00,0,0
1512038244,ens33,0.00,363.00,363.00,363,0,0.00,1.00,1.00,1,0,0.00,0.00,0,0
1512038244,s1-eth1,22770.00,1049076.00,1071846.00,1049076,22770,345.00,362.00,707.00,362,345,0.00,0.00,0,0
1512038244,s3-eth1,9108.00,420802.00,429910.00,420802,9108,138.00,145.00,283.00,145,138,0.00,0.00,0,0
1512038244,s2-eth1,21450.00,988322.00,1009772.00,988322,21450,325.00,341.00,666.00,341,325,0.00,0.00,0,0
1512038244,lo,0.00,0.00,0.00,0,0,0.00,0.00,0.00,0,0,0.00,0.00,0,0
1512038244,s1-eth2,30558.00,1409124.00,1439682.00,1409124,30558,463.00,486.00,949.00,486,463,0.00,0.00,0,0
1512038244,s3-eth2,420802.00,9108.00,429910.00,9108,420802,145.00,138.00,283.00,138,145,0.00,0.00,0,0
1512038244,s2-eth2,1409124.00,30558.00,1439682.00,30558,1409124,486.00,463.00,949.00,463,486,0.00,0.00,0,0
1512038244,total,4372234.00,4381483.00,8753717.00,4381483,4372234,2885.00,2889.00,5774.00,2889,2885,0.00,0.00,0,0
1512038245,s1-eth3,2449314.00,53262.00,2502576.00,53262,2449314,845.00,807.00,1652.00,807,845,0.00,0.00,0,0
1512038245,s2-eth3,8316.00,385258.00,393574.00,385258,8316,126.00,133.00,259.00,133,126,0.00,0.00,0,0
1512038245,ens33,0.00,0.00,0.00,0,0,0.00,0.00,0.00,0,0,0.00,0.00,0,0
1512038245,s1-eth1,25740.00,1182432.00,1208172.00,1182432,25740,390.00,408.00,798.00,408,390,0.00,0.00,0,0
1512038245,s3-eth1,8316.00,385258.00,393574.00,385258,8316,126.00,133.00,259.00,133,126,0.00,0.00,0,0
1512038245,s2-eth1,19206.00,881624.00,900830.00,881624,19206,291.00,304.00,595.00,304,291,0.00,0.00,0,0
1512038245,lo,0.00,0.00,0.00,0,0,0.00,0.00,0.00,0,0,0.00,0.00,0,0
1512038245,s1-eth2,27522.00,1266882.00,1294404.00,1266882,27522,417.00,437.00,854.00,437,417,0.00,0.00,0,0
1512038245,s3-eth2,385258.00,8316.00,393574.00,8316,385258,133.00,126.00,259.00,126,133,0.00,0.00,0,0
1512038245,s2-eth2,1266882.00,27522.00,1294404.00,27522,1266882,437.00,417.00,854.00,417,437,0.00,0.00,0,0
1512038245,total,4190554.00,4190554.00,8381108.00,4190554,4190554,2765.00,2765.00,5530.00,2765,2765,0.00,0.00,0,0
1512038246,s1-eth3,2447800.00,53328.00,2501128.00,53328,2447800,844.00,808.00,1652.00,808,844,0.00,0.00,0,0
1512038246,s2-eth3,8712.00,400068.00,408780.00,400068,8712,132.00,138.00,270.00,138,132,0.00,0.00,0,0
1512038246,ens33,0.00,0.00,0.00,0,0,0.00,0.00,0.00,0,0,0.00,0.00,0,0
1512038246,s1-eth1,25938.00,1191318.00,1217256.00,1191318,25938,393.00,411.00,804.00,411,393,0.00,0.00,0,0
1512038246,s3-eth1,8712.00,400068.00,408780.00,400068,8712,132.00,138.00,270.00,138,132,0.00,0.00,0,0
1512038246,s2-eth1,18678.00,860890.00,879568.00,860890,18678,283.00,297.00,580.00,297,283,0.00,0.00,0,0
1512038246,lo,516.00,516.00,1032.00,516,516,9.00,9.00,18.00,9,9,0.00,0.00,0,0
1512038246,s1-eth2,27390.00,1260958.00,1288348.00,1260958,27390,415.00,435.00,850.00,435,415,0.00,0.00,0,0
1512038246,s3-eth2,400068.00,8712.00,408780.00,8712,400068,138.00,132.00,270.00,132,138,0.00,0.00,0,0
1512038246,s2-eth2,1260958.00,27390.00,1288348.00,27390,1260958,435.00,415.00,850.00,415,435,0.00,0.00,0,0
1512038246,total,4198772.00,4203248.00,8402020.00,4203248,4198772,2781.00,2783.00,5564.00,2783,2781,0.00,0.00,0,0
1512038247,s1-eth3,2446352.00,53328.00,2499680.00,53328,2446352,844.00,808.00,1652.00,808,844,0.00,0.00,0,0
1512038247,s2-eth3,7194.00,333390.00,340584.00,333390,7194,109.00,115.00,224.00,115,109,0.00,0.00,0,0
1512038247,ens33,0.00,0.00,0.00,0,0,0.00,0.00,0.00,0,0,0.00,0.00,0,0
1512038247,s1-eth1,26004.00,1197242.00,1223246.00,1197242,26004,394.00,413.00,807.00,413,394,0.00,0.00,0,0
1512038247,s3-eth1,7194.00,333390.00,340584.00,333390,7194,109.00,115.00,224.00,115,109,0.00,0.00,0,0
1512038247,s2-eth1,20130.00,924606.00,944736.00,924606,20130,305.00,319.00,624.00,319,305,0.00,0.00,0,0
1512038247,lo,0.00,0.00,0.00,0,0,0.00,0.00,0.00,0,0,0.00,0.00,0,0
1512038247,s1-eth2,27324.00,1257996.00,1285320.00,1257996,27324,414.00,434.00,848.00,434,414,0.00,0.00,0,0
1512038247,s3-eth2,333390.00,7194.00,340584.00,7194,333390,115.00,109.00,224.00,109,115,0.00,0.00,0,0
1512038247,s2-eth2,1257996.00,27324.00,1285320.00,27324,1257996,434.00,414.00,848.00,414,434,0.00,0.00,0,0
1512038247,total,4125584.00,4134470.00,8260054.00,4134470,4125584,2724.00,2727.00,5451.00,2727,2724,0.00,0.00,0,0
1512038248,s1-eth3,2446352.00,53262.00,2499614.00,53262,2446352,844.00,807.00,1651.00,807,844,0.00,0.00,0,0
1512038248,s2-eth3,8844.00,405992.00,414836.00,405992,8844,134.00,140.00,274.00,140,134,0.00,0.00,0,0
1512038248,ens33,0.00,0.00,0.00,0,0,0.00,0.00,0.00,0,0,0.00,0.00,0,0
1512038248,s1-eth1,22044.00,1014980.00,1037024.00,1014980,22044,334.00,350.00,684.00,350,334,0.00,0.00,0,0
1512038248,s3-eth1,8844.00,405992.00,414836.00,405992,8844,134.00,140.00,274.00,140,134,0.00,0.00,0,0
1512038248,s2-eth1,22374.00,1029790.00,1052164.00,1029790,22374,339.00,355.00,694.00,355,339,0.00,0.00,0,0
1512038248,lo,0.00,0.00,0.00,0,0,0.00,0.00,0.00,0,0,0.00,0.00,0,0
1512038248,s1-eth2,31218.00,1435782.00,1467000.00,1435782,31218,473.00,495.00,968.00,495,473,0.00,0.00,0,0
1512038248,s3-eth2,405992.00,8844.00,414836.00,8844,405992,140.00,134.00,274.00,134,140,0.00,0.00,0,0
1512038248,s2-eth2,1435782.00,31218.00,1467000.00,31218,1435782,495.00,473.00,968.00,473,495,0.00,0.00,0,0
1512038248,total,4381450.00,4385860.00,8767310.00,4385860,4381450,2893.00,2894.00,5787.00,2894,2893,0.00,0.00,0,0
1512038249,s1-eth3,2438914.00,53130.00,2492044.00,53130,2438914,841.00,805.00,1646.00,805,841,0.00,0.00,0,0
1512038249,s2-eth3,8844.00,408954.00,417798.00,408954,8844,134.00,141.00,275.00,141,134,0.00,0.00,0,0
1512038249,ens33,0.00,0.00,0.00,0,0,0.00,0.00,0.00,0,0,0.00,0.00,0,0
1512038249,s1-eth1,22572.00,1038676.00,1061248.00,1038676,22572,342.00,358.00,700.00,358,342,0.00,0.00,0,0
1512038249,s3-eth1,8844.00,408954.00,417798.00,408954,8844,134.00,141.00,275.00,141,134,0.00,0.00,0,0
1512038249,s2-eth1,21714.00,1000170.00,1021884.00,1000170,21714,329.00,345.00,674.00,345,329,0.00,0.00,0,0
1512038249,lo,0.00,0.00,0.00,0,0,0.00,0.00,0.00,0,0,0.00,0.00,0,0
1512038249,s1-eth2,30558.00,1406162.00,1436720.00,1406162,30558,463.00,485.00,948.00,485,463,0.00,0.00,0,0
1512038249,s3-eth2,408954.00,8844.00,417798.00,8844,408954,141.00,134.00,275.00,134,141,0.00,0.00,0,0
1512038249,s2-eth2,1406162.00,30558.00,1436720.00,30558,1406162,485.00,463.00,948.00,463,485,0.00,0.00,0,0
1512038249,total,4346562.00,4355448.00,8702010.00,4355448,4346562,2869.00,2872.00,5741.00,2872,2869,0.00,0.00,0,0
1512038250,s1-eth3,2449314.00,53328.00,2502642.00,53328,2449314,845.00,808.00,1653.00,808,845,0.00,0.00,0,0
1512038250,s2-eth3,9240.00,423764.00,433004.00,423764,9240,140.00,146.00,286.00,146,140,0.00,0.00,0,0
1512038250,ens33,0.00,0.00,0.00,0,0,0.00,0.00,0.00,0,0,0.00,0.00,0,0
1512038250,s1-eth1,24486.00,1124640.00,1149126.00,1124640,24486,371.00,388.00,759.00,388,371,0.00,0.00,0,0
1512038250,s3-eth1,9240.00,423764.00,433004.00,423764,9240,140.00,146.00,286.00,146,140,0.00,0.00,0,0
1512038250,s2-eth1,19602.00,900910.00,920512.00,900910,19602,297.00,311.00,608.00,311,297,0.00,0.00,0,0
1512038250,lo,0.00,0.00,0.00,0,0,0.00,0.00,0.00,0,0,0.00,0.00,0,0
1512038250,s1-eth2,28842.00,1327636.00,1356478.00,1327636,28842,437.00,458.00,895.00,458,437,0.00,0.00,0,0
1512038250,s3-eth2,423764.00,9240.00,433004.00,9240,423764,146.00,140.00,286.00,140,146,0.00,0.00,0,0
1512038250,s2-eth2,1327636.00,28842.00,1356478.00,28842,1327636,458.00,437.00,895.00,437,458,0.00,0.00,0,0
1512038250,total,4292124.00,4292124.00,8584248.00,4292124,4292124,2834.00,2834.00,5668.00,2834,2834,0.00,0.00,0,0
1512038251,s1-eth3,2447800.00,53394.00,2501194.00,53394,2447800,844.00,809.00,1653.00,809,844,0.00,0.00,0,0
1512038251,s2-eth3,8910.00,405992.00,414902.00,405992,8910,135.00,140.00,275.00,140,135,0.00,0.00,0,0
1512038251,ens33,0.00,0.00,0.00,0,0,0.00,0.00,0.00,0,0,0.00,0.00,0,0
1512038251,s1-eth1,26070.00,1200204.00,1226274.00,1200204,26070,395.00,414.00,809.00,414,395,0.00,0.00,0,0
1512038251,s3-eth1,8910.00,405992.00,414902.00,405992,8910,135.00,140.00,275.00,140,135,0.00,0.00,0,0
1512038251,s2-eth1,18414.00,847528.00,865942.00,847528,18414,279.00,292.00,571.00,292,279,0.00,0.00,0,0
1512038251,lo,516.00,516.00,1032.00,516,516,9.00,9.00,18.00,9,9,0.00,0.00,0,0
1512038251,s1-eth2,27324.00,1253520.00,1280844.00,1253520,27324,414.00,432.00,846.00,432,414,0.00,0.00,0,0
1512038251,s3-eth2,405992.00,8910.00,414902.00,8910,405992,140.00,135.00,275.00,135,140,0.00,0.00,0,0
1512038251,s2-eth2,1253520.00,27324.00,1280844.00,27324,1253520,432.00,414.00,846.00,414,432,0.00,0.00,0,0
1512038251,total,4197456.00,4203380.00,8400836.00,4203380,4197456,2783.00,2785.00,5568.00,2785,2783,0.00,0.00,0,0
1512038252,s1-eth3,2447866.00,53328.00,2501194.00,53328,2447866,845.00,808.00,1653.00,808,845,0.00,0.00,0,0
1512038252,s2-eth3,7854.00,361562.00,369416.00,361562,7854,119.00,125.00,244.00,125,119,0.00,0.00,0,0
1512038252,ens33,0.00,0.00,0.00,0,0,0.00,0.00,0.00,0,0,0.00,0.00,0,0
1512038252,s1-eth1,25740.00,1182432.00,1208172.00,1182432,25740,390.00,408.00,798.00,408,390,0.00,0.00,0,0
1512038252,s3-eth1,7854.00,361562.00,369416.00,361562,7854,119.00,125.00,244.00,125,119,0.00,0.00,0,0
1512038252,s2-eth1,19734.00,906834.00,926568.00,906834,19734,299.00,313.00,612.00,313,299,0.00,0.00,0,0
1512038252,lo,0.00,0.00,0.00,0,0,0.00,0.00,0.00,0,0,0.00,0.00,0,0
1512038252,s1-eth2,27588.00,1268396.00,1295984.00,1268396,27588,418.00,438.00,856.00,438,418,0.00,0.00,0,0
1512038252,s3-eth2,361562.00,7854.00,369416.00,7854,361562,125.00,119.00,244.00,119,125,0.00,0.00,0,0
1512038252,s2-eth2,1268396.00,27588.00,1295984.00,27588,1268396,438.00,418.00,856.00,418,438,0.00,0.00,0,0
1512038252,total,4166594.00,4169556.00,8336150.00,4169556,4166594,2753.00,2754.00,5507.00,2754,2753,0.00,0.00,0,0
1512038253,s1-eth3,2443324.00,53328.00,2496652.00,53328,2443324,842.00,808.00,1650.00,808,842,0.00,0.00,0,0
1512038253,s2-eth3,7986.00,365972.00,373958.00,365972,7986,121.00,126.00,247.00,126,121,0.00,0.00,0,0
1512038253,ens33,0.00,0.00,0.00,0,0,0.00,0.00,0.00,0,0,0.00,0.00,0,0
1512038253,s1-eth1,24486.00,1127602.00,1152088.00,1127602,24486,371.00,389.00,760.00,389,371,0.00,0.00,0,0
1512038253,s3-eth1,7986.00,365972.00,373958.00,365972,7986,121.00,126.00,247.00,126,121,0.00,0.00,0,0
1512038253,s2-eth1,20856.00,960150.00,981006.00,960150,20856,316.00,331.00,647.00,331,316,0.00,0.00,0,0
1512038253,lo,0.00,0.00,0.00,0,0,0.00,0.00,0.00,0,0,0.00,0.00,0,0
1512038253,s1-eth2,28842.00,1326122.00,1354964.00,1326122,28842,437.00,457.00,894.00,457,437,0.00,0.00,0,0
1512038253,s3-eth2,365972.00,7986.00,373958.00,7986,365972,126.00,121.00,247.00,121,126,0.00,0.00,0,0
1512038253,s2-eth2,1326122.00,28842.00,1354964.00,28842,1326122,457.00,437.00,894.00,437,457,0.00,0.00,0,0
1512038253,total,4225574.00,4235974.00,8461548.00,4235974,4225574,2791.00,2795.00,5586.00,2795,2791,0.00,0.00,0,0
1512038254,s1-eth3,2447866.00,53346.00,2501212.00,53346,2447866,845.00,809.00,1654.00,809,845,0.00,0.00,0,0
1512038254,s2-eth3,9216.00,422358.00,431574.00,422358,9216,140.00,147.00,287.00,147,140,0.00,0.00,0,0
1512038254,ens33,0.00,0.00,0.00,0,0,0.00,0.00,0.00,0,0,0.00,0.00,0,0
1512038254,s1-eth1,22350.00,1026870.00,1049220.00,1026870,22350,339.00,355.00,694.00,355,339,0.00,0.00,0,0
1512038254,s3-eth1,9216.00,422358.00,431574.00,422358,9216,140.00,147.00,287.00,147,140,0.00,0.00,0,0
1512038254,s2-eth1,21780.00,1000170.00,1021950.00,1000170,21780,330.00,345.00,675.00,345,330,0.00,0.00,0,0
1512038254,lo,0.00,0.00,0.00,0,0,0.00,0.00,0.00,0,0,0.00,0.00,0,0
1512038254,s1-eth2,30996.00,1422528.00,1453524.00,1422528,30996,470.00,492.00,962.00,492,470,0.00,0.00,0,0
1512038254,s3-eth2,422358.00,9216.00,431574.00,9216,422358,147.00,140.00,287.00,140,147,0.00,0.00,0,0
1512038254,s2-eth2,1422528.00,30996.00,1453524.00,30996,1422528,492.00,470.00,962.00,470,492,0.00,0.00,0,0
1512038254,total,4386310.00,4387842.00,8774152.00,4387842,4386310,2903.00,2905.00,5808.00,2905,2903,0.00,0.00,0,0
1512038255,s1-eth3,2449398.00,53262.00,2502660.00,53262,2449398,847.00,807.00,1654.00,807,847,0.00,0.00,0,0
1512038255,s2-eth3,9240.00,426726.00,435966.00,426726,9240,140.00,147.00,287.00,147,140,0.00,0.00,0,0
1512038255,ens33,0.00,0.00,0.00,0,0,0.00,0.00,0.00,0,0,0.00,0.00,0,0
1512038255,s1-eth1,22836.00,1049076.00,1071912.00,1049076,22836,346.00,362.00,708.00,362,346,0.00,0.00,0,0
1512038255,s3-eth1,9240.00,426726.00,435966.00,426726,9240,140.00,147.00,287.00,147,140,0.00,0.00,0,0
1512038255,s2-eth1,21186.00,976474.00,997660.00,976474,21186,321.00,337.00,658.00,337,321,0.00,0.00,0,0
1512038255,lo,0.00,0.00,0.00,0,0,0.00,0.00,0.00,0,0,0.00,0.00,0,0
1512038255,s1-eth2,30426.00,1403200.00,1433626.00,1403200,30426,461.00,484.00,945.00,484,461,0.00,0.00,0,0
1512038255,s3-eth2,426726.00,9240.00,435966.00,9240,426726,147.00,140.00,287.00,140,147,0.00,0.00,0,0
1512038255,s2-eth2,1403200.00,30426.00,1433626.00,30426,1403200,484.00,461.00,945.00,461,484,0.00,0.00,0,0
1512038255,total,4372252.00,4375130.00,8747382.00,4375130,4372252,2886.00,2885.00,5771.00,2885,2886,0.00,0.00,0,0
1512038256,s1-eth3,2447800.00,53328.00,2501128.00,53328,2447800,844.00,808.00,1652.00,808,844,0.00,0.00,0,0
1512038256,s2-eth3,9042.00,417840.00,426882.00,417840,9042,137.00,144.00,281.00,144,137,0.00,0.00,0,0
1512038256,ens33,0.00,0.00,0.00,0,0,0.00,0.00,0.00,0,0,0.00,0.00,0,0
1512038256,s1-eth1,24750.00,1139450.00,1164200.00,1139450,24750,375.00,393.00,768.00,393,375,0.00,0.00,0,0
1512038256,s3-eth1,9042.00,417840.00,426882.00,417840,9042,137.00,144.00,281.00,144,137,0.00,0.00,0,0
1512038256,s2-eth1,19536.00,899396.00,918932.00,899396,19536,296.00,310.00,606.00,310,296,0.00,0.00,0,0
1512038256,lo,516.00,516.00,1032.00,516,516,9.00,9.00,18.00,9,9,0.00,0.00,0,0
1512038256,s1-eth2,28578.00,1317236.00,1345814.00,1317236,28578,433.00,454.00,887.00,454,433,0.00,0.00,0,0
1512038256,s3-eth2,417840.00,9042.00,426882.00,9042,417840,144.00,137.00,281.00,137,144,0.00,0.00,0,0
1512038256,s2-eth2,1317236.00,28578.00,1345814.00,28578,1317236,454.00,433.00,887.00,433,454,0.00,0.00,0,0
1512038256,total,4274340.00,4283226.00,8557566.00,4283226,4274340,2829.00,2832.00,5661.00,2832,2829,0.00,0.00,0,0
1512038257,s1-eth3,2447800.00,53328.00,2501128.00,53328,2447800,844.00,808.00,1652.00,808,844,0.00,0.00,0,0
1512038257,s2-eth3,8844.00,408954.00,417798.00,408954,8844,134.00,141.00,275.00,141,134,0.00,0.00,0,0
1512038257,ens33,0.00,0.00,0.00,0,0,0.00,0.00,0.00,0,0,0.00,0.00,0,0
1512038257,s1-eth1,25608.00,1176508.00,1202116.00,1176508,25608,388.00,406.00,794.00,406,388,0.00,0.00,0,0
1512038257,s3-eth1,8844.00,408954.00,417798.00,408954,8844,134.00,141.00,275.00,141,134,0.00,0.00,0,0
1512038257,s2-eth1,18876.00,866814.00,885690.00,866814,18876,286.00,299.00,585.00,299,286,0.00,0.00,0,0
1512038257,lo,0.00,0.00,0.00,0,0,0.00,0.00,0.00,0,0,0.00,0.00,0,0
1512038257,s1-eth2,27720.00,1275768.00,1303488.00,1275768,27720,420.00,440.00,860.00,440,420,0.00,0.00,0,0
1512038257,s3-eth2,408954.00,8844.00,417798.00,8844,408954,141.00,134.00,275.00,134,141,0.00,0.00,0,0
1512038257,s2-eth2,1275768.00,27720.00,1303488.00,27720,1275768,440.00,420.00,860.00,420,440,0.00,0.00,0,0
1512038257,total,4222414.00,4226890.00,8449304.00,4226890,4222414,2787.00,2789.00,5576.00,2789,2787,0.00,0.00,0,0
1512038258,s1-eth3,2447866.00,53394.00,2501260.00,53394,2447866,845.00,809.00,1654.00,809,845,0.00,0.00,0,0
1512038258,s2-eth3,8118.00,370448.00,378566.00,370448,8118,123.00,128.00,251.00,128,123,0.00,0.00,0,0
1512038258,ens33,0.00,0.00,0.00,0,0,0.00,0.00,0.00,0,0,0.00,0.00,0,0
1512038258,s1-eth1,25674.00,1180918.00,1206592.00,1180918,25674,389.00,407.00,796.00,407,389,0.00,0.00,0,0
1512038258,s3-eth1,8118.00,370448.00,378566.00,370448,8118,123.00,128.00,251.00,128,123,0.00,0.00,0,0
1512038258,s2-eth1,19602.00,903872.00,923474.00,903872,19602,297.00,312.00,609.00,312,297,0.00,0.00,0,0
1512038258,lo,0.00,0.00,0.00,0,0,0.00,0.00,0.00,0,0,0.00,0.00,0,0
1512038258,s1-eth2,27720.00,1274320.00,1302040.00,1274320,27720,420.00,440.00,860.00,440,420,0.00,0.00,0,0
1512038258,s3-eth2,370448.00,8118.00,378566.00,8118,370448,128.00,123.00,251.00,123,128,0.00,0.00,0,0
1512038258,s2-eth2,1274320.00,27720.00,1302040.00,27720,1274320,440.00,420.00,860.00,420,440,0.00,0.00,0,0
1512038258,total,4181866.00,4189238.00,8371104.00,4189238,4181866,2765.00,2767.00,5532.00,2767,2765,0.00,0.00,0,0
1512038259,s1-eth3,2447800.00,53262.00,2501062.00,53262,2447800,844.00,807.00,1651.00,807,844,0.00,0.00,0,0
1512038259,s2-eth3,7920.00,365972.00,373892.00,365972,7920,120.00,126.00,246.00,126,120,0.00,0.00,0,0
1512038259,ens33,0.00,0.00,0.00,0,0,0.00,0.00,0.00,0,0,0.00,0.00,0,0
1512038259,s1-eth1,24948.00,1146888.00,1171836.00,1146888,24948,378.00,396.00,774.00,396,378,0.00,0.00,0,0
1512038259,s3-eth1,7920.00,365972.00,373892.00,365972,7920,120.00,126.00,246.00,126,120,0.00,0.00,0,0
1512038259,s2-eth1,20394.00,939416.00,959810.00,939416,20394,309.00,324.00,633.00,324,309,0.00,0.00,0,0
1512038259,lo,0.00,0.00,0.00,0,0,0.00,0.00,0.00,0,0,0.00,0.00,0,0
1512038259,s1-eth2,28314.00,1305388.00,1333702.00,1305388,28314,429.00,450.00,879.00,450,429,0.00,0.00,0,0
1512038259,s3-eth2,365972.00,7920.00,373892.00,7920,365972,126.00,120.00,246.00,120,126,0.00,0.00,0,0
1512038259,s2-eth2,1305388.00,28314.00,1333702.00,28314,1305388,450.00,429.00,879.00,429,450,0.00,0.00,0,0
1512038259,total,4208656.00,4213132.00,8421788.00,4213132,4208656,2776.00,2778.00,5554.00,2778,2776,0.00,0.00,0,0
1512038260,s1-eth3,2449314.00,53262.00,2502576.00,53262,2449314,845.00,807.00,1652.00,807,845,0.00,0.00,0,0
1512038260,s2-eth3,9372.00,431202.00,440574.00,431202,9372,142.00,149.00,291.00,149,142,0.00,0.00,0,0
1512038260,ens33,0.00,0.00,0.00,0,0,0.00,0.00,0.00,0,0,0.00,0.00,0,0
1512038260,s1-eth1,22176.00,1020904.00,1043080.00,1020904,22176,336.00,352.00,688.00,352,336,0.00,0.00,0,0
1512038260,s3-eth1,9372.00,431202.00,440574.00,431202,9372,142.00,149.00,291.00,149,142,0.00,0.00,0,0
1512038260,s2-eth1,21714.00,1000170.00,1021884.00,1000170,21714,329.00,345.00,674.00,345,329,0.00,0.00,0,0
1512038260,lo,0.00,0.00,0.00,0,0,0.00,0.00,0.00,0,0,0.00,0.00,0,0
1512038260,s1-eth2,31086.00,1431372.00,1462458.00,1431372,31086,471.00,494.00,965.00,494,471,0.00,0.00,0,0
1512038260,s3-eth2,431202.00,9372.00,440574.00,9372,431202,149.00,142.00,291.00,142,149,0.00,0.00,0,0
1512038260,s2-eth2,1431372.00,31086.00,1462458.00,31086,1431372,494.00,471.00,965.00,471,494,0.00,0.00,0,0
1512038260,total,4405608.00,4408570.00,8814178.00,4408570,4405608,2908.00,2909.00,5817.00,2909,2908,0.00,0.00,0,0
1512038261,s1-eth3,2446352.00,53394.00,2499746.00,53394,2446352,844.00,809.00,1653.00,809,844,0.00,0.00,0,0
1512038261,s2-eth3,8844.00,405992.00,414836.00,405992,8844,134.00,140.00,274.00,140,134,0.00,0.00,0,0
1512038261,ens33,0.00,0.00,0.00,0,0,0.00,0.00,0.00,0,0,0.00,0.00,0,0
1512038261,s1-eth1,22770.00,1046114.00,1068884.00,1046114,22770,345.00,361.00,706.00,361,345,0.00,0.00,0,0
1512038261,s3-eth1,8914.00,405992.00,414906.00,405992,8914,135.00,140.00,275.00,140,135,0.00,0.00,0,0
1512038261,s2-eth1,21780.00,1000170.00,1021950.00,1000170,21780,330.00,345.00,675.00,345,330,0.00,0.00,0,0
1512038261,lo,516.00,516.00,1032.00,516,516,9.00,9.00,18.00,9,9,0.00,0.00,0,0
1512038261,s1-eth2,30624.00,1406162.00,1436786.00,1406162,30624,464.00,485.00,949.00,485,464,0.00,0.00,0,0
1512038261,s3-eth2,405992.00,8844.00,414836.00,8844,405992,140.00,134.00,274.00,134,140,0.00,0.00,0,0
1512038261,s2-eth2,1406162.00,30624.00,1436786.00,30624,1406162,485.00,464.00,949.00,464,485,0.00,0.00,0,0
1512038261,total,4351954.00,4357808.00,8709762.00,4357808,4351954,2886.00,2887.00,5773.00,2887,2886,0.00,0.00,0,0
1512038262,s1-eth3,2447800.00,53370.00,2501170.00,53370,2447800,844.00,809.00,1653.00,809,844,0.00,0.00,0,0
1512038262,s2-eth3,9240.00,423764.00,433004.00,423764,9240,140.00,146.00,286.00,146,140,0.00,0.00,0,0
1512038262,ens33,0.00,0.00,0.00,0,0,0.00,0.00,0.00,0,0,0.00,0.00,0,0
1512038262,s1-eth1,24288.00,1117202.00,1141490.00,1117202,24288,368.00,385.00,753.00,385,368,0.00,0.00,0,0
1512038262,s3-eth1,9240.00,423764.00,433004.00,423764,9240,140.00,146.00,286.00,146,140,0.00,0.00,0,0
1512038262,s2-eth1,19842.00,912800.00,932642.00,912800,19842,301.00,316.00,617.00,316,301,0.00,0.00,0,0
1512038262,lo,0.00,0.00,0.00,0,0,0.00,0.00,0.00,0,0,0.00,0.00,0,0
1512038262,s1-eth2,29082.00,1336564.00,1365646.00,1336564,29082,441.00,462.00,903.00,462,441,0.00,0.00,0,0
1512038262,s3-eth2,423764.00,9240.00,433004.00,9240,423764,146.00,140.00,286.00,140,146,0.00,0.00,0,0
1512038262,s2-eth2,1336564.00,29082.00,1365646.00,29082,1336564,462.00,441.00,903.00,441,462,0.00,0.00,0,0
1512038262,total,4299820.00,4305786.00,8605606.00,4305786,4299820,2842.00,2845.00,5687.00,2845,2842,0.00,0.00,0,0
1512038263,s1-eth3,2449356.00,53262.00,2502618.00,53262,2449356,846.00,807.00,1653.00,807,846,0.00,0.00,0,0
1512038263,s2-eth3,9446.00,431202.00,440648.00,431202,9446,143.00,149.00,292.00,149,143,0.00,0.00,0,0
1512038263,ens33,0.00,0.00,0.00,0,0,0.00,0.00,0.00,0,0,0.00,0.00,0,0
1512038263,s1-eth1,25220.00,1152812.00,1178032.00,1152812,25220,382.00,398.00,780.00,398,382,0.00,0.00,0,0
1512038263,s3-eth1,9446.00,431202.00,440648.00,431202,9446,143.00,149.00,292.00,149,143,0.00,0.00,0,0
1512038263,s2-eth1,18946.00,866884.00,885830.00,866884,18946,287.00,300.00,587.00,300,287,0.00,0.00,0,0
1512038263,lo,1608.00,1608.00,3216.00,1608,1608,18.00,18.00,36.00,18,18,0.00,0.00,0,0
1512038263,s1-eth2,28252.00,1298156.00,1326408.00,1298156,28252,428.00,450.00,878.00,450,428,0.00,0.00,0,0
1512038263,s3-eth2,431202.00,9446.00,440648.00,9446,431202,149.00,143.00,292.00,143,149,0.00,0.00,0,0
1512038263,s2-eth2,1298156.00,28252.00,1326408.00,28252,1298156,450.00,428.00,878.00,428,450,0.00,0.00,0,0
1512038263,total,4271632.00,4272824.00,8544456.00,4272824,4271632,2846.00,2842.00,5688.00,2842,2846,0.00,0.00,0,0
1512038264,s1-eth3,2446492.00,53328.00,2499820.00,53328,2446492,846.00,808.00,1654.00,808,846,0.00,0.00,0,0
1512038264,s2-eth3,9108.00,420802.00,429910.00,420802,9108,138.00,145.00,283.00,145,138,0.00,0.00,0,0
1512038264,ens33,0.00,0.00,0.00,0,0,0.00,0.00,0.00,0,0,0.00,0.00,0,0
1512038264,s1-eth1,25080.00,1154260.00,1179340.00,1154260,25080,380.00,398.00,778.00,398,380,0.00,0.00,0,0
1512038264,s3-eth1,9108.00,420802.00,429910.00,420802,9108,138.00,145.00,283.00,145,138,0.00,0.00,0,0
1512038264,s2-eth1,19140.00,881624.00,900764.00,881624,19140,290.00,304.00,594.00,304,290,0.00,0.00,0,0
1512038264,lo,0.00,0.00,0.00,0,0,0.00,0.00,0.00,0,0,0.00,0.00,0,0
1512038264,s1-eth2,28248.00,1302426.00,1330674.00,1302426,28248,428.00,449.00,877.00,449,428,0.00,0.00,0,0
1512038264,s3-eth2,420802.00,9108.00,429910.00,9108,420802,145.00,138.00,283.00,138,145,0.00,0.00,0,0
1512038264,s2-eth2,1302426.00,28248.00,1330674.00,28248,1302426,449.00,428.00,877.00,428,449,0.00,0.00,0,0
1512038264,total,4260404.00,4270598.00,8531002.00,4270598,4260404,2814.00,2815.00,5629.00,2815,2814,0.00,0.00,0,0
1512038265,s1-eth3,2447800.00,53262.00,2501062.00,53262,2447800,844.00,807.00,1651.00,807,844,0.00,0.00,0,0
1512038265,s2-eth3,8122.00,370518.00,378640.00,370518,8122,123.00,129.00,252.00,129,123,0.00,0.00,0,0
1512038265,ens33,0.00,0.00,0.00,0,0,0.00,0.00,0.00,0,0,0.00,0.00,0,0
1512038265,s1-eth1,25748.00,1169140.00,1194888.00,1169140,25748,390.00,404.00,794.00,404,390,0.00,0.00,0,0
1512038265,s3-eth1,8122.00,370518.00,378640.00,370518,8122,123.00,129.00,252.00,129,123,0.00,0.00,0,0
1512038265,s2-eth1,19742.00,902358.00,922100.00,902358,19742,299.00,311.00,610.00,311,299,0.00,0.00,0,0
1512038265,lo,1504.00,1504.00,3008.00,1504,1504,16.00,16.00,32.00,16,16,0.00,0.00,0,0
1512038265,s1-eth2,27724.00,1272876.00,1300600.00,1272876,27724,420.00,440.00,860.00,440,420,0.00,0.00,0,0
1512038265,s3-eth2,370518.00,8122.00,378640.00,8122,370518,129.00,123.00,252.00,123,129,0.00,0.00,0,0
1512038265,s2-eth2,1272876.00,27724.00,1300600.00,27724,1272876,440.00,420.00,860.00,420,440,0.00,0.00,0,0
1512038265,total,4182156.00,4176022.00,8358178.00,4176022,4182156,2784.00,2779.00,5563.00,2779,2784,0.00,0.00,0,0
1512038266,s1-eth3,2451038.00,53262.00,2504300.00,53262,2451038,849.00,807.00,1656.00,807,849,0.00,0.00,0,0
1512038266,s2-eth3,8250.00,380782.00,389032.00,380782,8250,125.00,131.00,256.00,131,125,0.00,0.00,0,0
1512038266,ens33,0.00,0.00,0.00,0,0,0.00,0.00,0.00,0,0,0.00,0.00,0,0
1512038266,s1-eth1,24090.00,1118716.00,1142806.00,1118716,24090,365.00,386.00,751.00,386,365,0.00,0.00,0,0
1512038266,s3-eth1,8250.00,380782.00,389032.00,380782,8250,125.00,131.00,256.00,131,125,0.00,0.00,0,0
1512038266,s2-eth1,20922.00,964626.00,985548.00,964626,20922,317.00,333.00,650.00,333,317,0.00,0.00,0,0
1512038266,lo,104.00,104.00,208.00,104,104,2.00,2.00,4.00,2,2,0.00,0.00,0,0
1512038266,s1-eth2,29172.00,1345408.00,1374580.00,1345408,29172,442.00,464.00,906.00,464,442,0.00,0.00,0,0
1512038266,s3-eth2,380782.00,8250.00,389032.00,8250,380782,131.00,125.00,256.00,125,131,0.00,0.00,0,0
1512038266,s2-eth2,1345408.00,29172.00,1374580.00,29172,1345408,464.00,442.00,906.00,442,464,0.00,0.00,0,0
1512038266,total,4268016.00,4281102.00,8549118.00,4281102,4268016,2820.00,2821.00,5641.00,2821,2820,0.00,0.00,0,0
1512038267,s1-eth3,2446286.00,53394.00,2499680.00,53394,2446286,843.00,809.00,1652.00,809,843,0.00,0.00,0,0
1512038267,s2-eth3,9504.00,437126.00,446630.00,437126,9504,144.00,151.00,295.00,151,144,0.00,0.00,0,0
1512038267,ens33,0.00,0.00,0.00,0,0,0.00,0.00,0.00,0,0,0.00,0.00,0,0
1512038267,s1-eth1,22374.00,1028342.00,1050716.00,1028342,22374,339.00,355.00,694.00,355,339,0.00,0.00,0,0
1512038267,s3-eth1,9504.00,437126.00,446630.00,437126,9504,144.00,151.00,295.00,151,144,0.00,0.00,0,0
1512038267,s2-eth1,21516.00,988322.00,1009838.00,988322,21516,326.00,341.00,667.00,341,326,0.00,0.00,0,0
1512038267,lo,0.00,0.00,0.00,0,0,0.00,0.00,0.00,0,0,0.00,0.00,0,0
1512038267,s1-eth2,31020.00,1425448.00,1456468.00,1425448,31020,470.00,492.00,962.00,492,470,0.00,0.00,0,0
1512038267,s3-eth2,437126.00,9504.00,446630.00,9504,437126,151.00,144.00,295.00,144,151,0.00,0.00,0,0
1512038267,s2-eth2,1425448.00,31020.00,1456468.00,31020,1425448,492.00,470.00,962.00,470,492,0.00,0.00,0,0
1512038267,total,4402778.00,4410282.00,8813060.00,4410282,4402778,2909.00,2913.00,5822.00,2913,2909,0.00,0.00,0,0
1512038268,s1-eth3,2447866.00,53328.00,2501194.00,53328,2447866,845.00,808.00,1653.00,808,845,0.00,0.00,0,0
1512038268,s2-eth3,8844.00,405992.00,414836.00,405992,8844,134.00,140.00,274.00,140,134,0.00,0.00,0,0
1512038268,ens33,0.00,0.00,0.00,0,0,0.00,0.00,0.00,0,0,0.00,0.00,0,0
1512038268,s1-eth1,22902.00,1053486.00,1076388.00,1053486,22902,347.00,363.00,710.00,363,347,0.00,0.00,0,0
1512038268,s3-eth1,8844.00,405992.00,414836.00,405992,8844,134.00,140.00,274.00,140,134,0.00,0.00,0,0
1512038268,s2-eth1,21652.00,994246.00,1015898.00,994246,21652,328.00,343.00,671.00,343,328,0.00,0.00,0,0
1512038268,lo,0.00,0.00,0.00,0,0,0.00,0.00,0.00,0,0,0.00,0.00,0,0
1512038268,s1-eth2,30426.00,1400238.00,1430664.00,1400238,30426,461.00,483.00,944.00,483,461,0.00,0.00,0,0
1512038268,s3-eth2,405992.00,8844.00,414836.00,8844,405992,140.00,134.00,274.00,134,140,0.00,0.00,0,0
1512038268,s2-eth2,1400238.00,30426.00,1430664.00,30426,1400238,483.00,461.00,944.00,461,483,0.00,0.00,0,0
1512038268,total,4346764.00,4352552.00,8699316.00,4352552,4346764,2872.00,2872.00,5744.00,2872,2872,0.00,0.00,0,0
1512038269,s1-eth3,24