1511971235,s2-eth1,0.00,0.00,0.00,0,0,0.00,0.00,0.00,0,0,0.00,0.00,0,0
1511971235,s3-eth2,0.00,0.00,0.00,0,0,0.00,0.00,0.00,0,0,0.00,0.00,0,0
1511971235,s1-eth1,0.00,0.00,0.00,0,0,0.00,0.00,0.00,0,0,0.00,0.00,0,0
1511971235,s2-eth2,0.00,0.00,0.00,0,0,0.00,0.00,0.00,0,0,0.00,0.00,0,0
1511971235,lo,0.00,0.00,0.00,0,0,0.00,0.00,0.00,0,0,0.00,0.00,0,0
1511971235,s1-eth2,0.00,0.00,0.00,0,0,0.00,0.00,0.00,0,0,0.00,0.00,0,0
1511971235,ens33,0.00,0.00,0.00,0,0,0.00,0.00,0.00,0,0,0.00,0.00,0,0
1511971235,s2-eth3,0.00,0.00,0.00,0,0,0.00,0.00,0.00,0,0,0.00,0.00,0,0
1511971235,s1-eth3,0.00,0.00,0.00,0,0,0.00,0.00,0.00,0,0,0.00,0.00,0,0
1511971235,s3-eth1,0.00,0.00,0.00,0,0,0.00,0.00,0.00,0,0,0.00,0.00,0,0
1511971235,total,0.00,0.00,0.00,0,0,0.00,0.00,0.00,0,0,0.00,0.00,0,0
1511971236,s2-eth1,9702.30,842275.75,851978.06,843118,9712,144.86,290.71,435.56,291,145,0.00,0.00,0,0
1511971236,s3-eth2,382183.81,4559.44,386743.28,4564,382566,133.87,66.93,200.80,67,134,0.00,0.00,0,0
1511971236,s1-eth1,14257.74,1199005.00,1213262.75,1200204,14272,211.79,413.59,625.37,414,212,0.00,0.00,0,0
1511971236,s2-eth2,1223216.88,13652.35,1236869.12,13666,1224440,425.57,206.79,632.37,207,426,0.00,0.00,0,0
1511971236,lo,3910.09,3910.09,7820.18,3914,3914,41.96,41.96,83.92,42,42,0.00,0.00,0,0
1511971236,s1-eth2,13652.35,1223216.88,1236869.12,1224440,13666,206.79,425.57,632.37,426,207,0.00,0.00,0,0
1511971236,ens33,303.70,489.51,793.21,490,304,4.00,4.00,7.99,4,4,0.00,0.00,0,0
1511971236,s2-eth3,4559.44,382183.81,386743.28,382566,4564,66.93,133.87,200.80,134,67,0.00,0.00,0,0
1511971236,s1-eth3,1222751.25,27300.70,1250052.00,27328,1223974,422.58,413.59,836.16,414,423,0.00,0.00,0,0
1511971236,s3-eth1,4559.44,381914.09,386473.53,382296,4564,66.93,131.87,198.80,132,67,0.00,0.00,0,0
1511971236,total,2879097.00,4078507.50,6957604.50,4082586,2881976,1725.27,2128.87,3854.15,2131,1727,0.00,0.00,0,0
1511971237,s2-eth1,10206.19,906357.38,916563.56,1055000,11880,154.64,312.71,467.35,364,180,0.00,0.00,0,0
1511971237,s3-eth2,332221.66,3685.57,335907.22,4290,386706,114.26,55.84,170.10,65,133,0.00,0.00,0,0
1511971237,s1-eth1,13555.84,1220766.38,1234322.12,1420972,15779,203.61,420.96,624.57,490,237,0.00,0.00,0,0
1511971237,s2-eth2,1220766.38,13891.75,1234658.12,16170,1420972,420.96,210.48,631.44,245,490,0.00,0.00,0,0
1511971237,lo,292.96,292.96,585.91,341,341,3.44,3.44,6.87,4,4,0.00,0.00,0,0
1511971237,s1-eth2,13891.75,1220766.38,1234658.12,1420972,16170,210.48,420.96,631.44,490,245,0.00,0.00,0,0
1511971237,ens33,130.58,210.48,341.07,245,152,1.72,1.72,3.44,2,2,0.00,0.00,0,0
1511971237,s2-eth3,3685.57,334766.31,338451.91,389668,4290,55.84,115.12,170.96,134,65,0.00,0.00,0,0
1511971237,s1-eth3,1221402.12,27273.20,1248675.25,31746,1421712,425.26,413.23,838.49,481,495,0.00,0.00,0,0
1511971237,s3-eth1,3685.57,334766.31,338451.91,389668,4290,55.84,115.12,170.96,134,65,0.00,0.00,0,0
1511971237,total,2819838.50,4062776.75,6882615.00,4729072,3282292,1646.05,2069.59,3715.64,2409,1916,0.00,0.00,0,0
1511971238,s2-eth1,8067.00,678628.00,686695.00,678628,8067,116.00,234.00,350.00,234,116,0.00,0.00,0,0
1511971238,s3-eth2,546989.00,6610.00,553599.00,6610,546989,190.00,96.00,286.00,96,190,0.00,0.00,0,0
1511971238,s1-eth1,14129.00,1226862.00,1240991.00,1226862,14129,212.00,423.00,635.00,423,212,0.00,0.00,0,0
1511971238,s2-eth2,1224103.00,13865.00,1237968.00,13865,1224103,423.00,208.00,631.00,208,423,0.00,0.00,0,0
1511971238,lo,1630.00,1630.00,3260.00,1630,1630,15.00,15.00,30.00,15,15,0.00,0.00,0,0
1511971238,s1-eth2,13865.00,1224103.00,1237968.00,1224103,13865,208.00,423.00,631.00,423,208,0.00,0.00,0,0
1511971238,ens33,0.00,0.00,0.00,0,0,0.00,0.00,0.00,0,0,0.00,0.00,0,0
1511971238,s2-eth3,6610.00,544027.00,550637.00,544027,6610,96.00,189.00,285.00,189,96,0.00,0.00,0,0
1511971238,s1-eth3,1223900.00,27588.00,1251488.00,27588,1223900,422.00,418.00,840.00,418,422,0.00,0.00,0,0
1511971238,s3-eth1,6813.00,543824.00,550637.00,543824,6813,97.00,188.00,285.00,188,97,0.00,0.00,0,0
1511971238,total,3046106.00,4267137.00,7313243.00,4267137,3046106,1779.00,2194.00,3973.00,2194,1779,0.00,0.00,0,0
1511971239,s2-eth1,15370.00,935556.00,950926.00,935556,15370,213.00,354.00,567.00,354,213,0.00,0.00,0,0
1511971239,s3-eth2,168984.00,1932.00,170916.00,1932,168984,60.00,30.00,90.00,30,60,0.00,0.00,0,0
1511971239,s1-eth1,11847.00,1002032.00,1013879.00,1002032,11847,175.00,352.00,527.00,352,175,0.00,0.00,0,0
1511971239,s2-eth2,1196547.00,17218.00,1213765.00,17218,1196547,445.00,241.00,686.00,241,445,0.00,0.00,0,0
1511971239,lo,4314.00,4314.00,8628.00,4314,4314,42.00,42.00,84.00,42,42,0.00,0.00,0,0
1511971239,s1-eth2,17218.00,1196547.00,1213765.00,1196547,17218,241.00,445.00,686.00,445,241,0.00,0.00,0,0
1511971239,ens33,0.00,0.00,0.00,0,0,0.00,0.00,0.00,0,0,0.00,0.00,0,0
1511971239,s2-eth3,1932.00,168984.00,170916.00,168984,1932,30.00,60.00,90.00,60,30,0.00,0.00,0,0
1511971239,s1-eth3,1210670.00,28694.00,1239364.00,28694,1210670,419.00,411.00,830.00,411,419,0.00,0.00,0,0
1511971239,s3-eth1,1932.00,168984.00,170916.00,168984,1932,30.00,60.00,90.00,60,30,0.00,0.00,0,0
1511971239,total,2628814.00,3524261.00,6153075.00,3524261,2628814,1655.00,1995.00,3650.00,1995,1655,0.00,0.00,0,0
1511971240,s2-eth1,5546.00,83270.00,88816.00,83270,5546,59.00,55.00,114.00,55,59,0.00,0.00,0,0
1511971240,s3-eth2,48448.00,3140.00,51588.00,3140,48448,32.00,34.00,66.00,34,32,0.00,0.00,0,0
1511971240,s1-eth1,31396.00,492050.00,523446.00,492050,31396,334.00,325.00,659.00,325,334,0.00,0.00,0,0
1511971240,s2-eth2,131718.00,8686.00,140404.00,8686,131718,87.00,93.00,180.00,93,87,0.00,0.00,0,0
1511971240,lo,0.00,0.00,0.00,0,0,0.00,0.00,0.00,0,0,0.00,0.00,0,0
1511971240,s1-eth2,8686.00,131718.00,140404.00,131718,8686,93.00,87.00,180.00,87,93,0.00,0.00,0,0
1511971240,ens33,0.00,0.00,0.00,0,0,0.00,0.00,0.00,0,0,0.00,0.00,0,0
1511971240,s2-eth3,3140.00,48448.00,51588.00,48448,3140,34.00,32.00,66.00,32,34,0.00,0.00,0,0
1511971240,s1-eth3,1224296.00,40082.00,1264378.00,40082,1224296,428.00,427.00,855.00,427,428,0.00,0.00,0,0
1511971240,s3-eth1,3140.00,48448.00,51588.00,48448,3140,34.00,32.00,66.00,32,34,0.00,0.00,0,0
1511971240,total,1456370.00,855842.00,2312212.00,855842,1456370,1101.00,1085.00,2186.00,1085,1101,0.00,0.00,0,0
1511971241,s2-eth1,16074.00,434048.00,450122.00,434048,16074,171.00,236.00,407.00,236,171,0.00,0.00,0,0
1511971241,s3-eth2,220248.00,7050.00,227298.00,7050,220248,112.00,75.00,187.00,75,112,0.00,0.00,0,0
1511971241,s1-eth1,16638.00,320440.00,337078.00,320440,16638,177.00,204.00,381.00,204,177,0.00,0.00,0,0
1511971241,s2-eth2,654296.00,23124.00,677420.00,23124,654296,348.00,246.00,594.00,246,348,0.00,0.00,0,0
1511971241,lo,0.00,0.00,0.00,0,0,0.00,0.00,0.00,0,0,0.00,0.00,0,0
1511971241,s1-eth2,23124.00,654296.00,677420.00,654296,23124,246.00,348.00,594.00,348,246,0.00,0.00,0,0
1511971241,ens33,0.00,0.00,0.00,0,0,0.00,0.00,0.00,0,0,0.00,0.00,0,0
1511971241,s2-eth3,7050.00,220248.00,227298.00,220248,7050,75.00,112.00,187.00,112,75,0.00,0.00,0,0
1511971241,s1-eth3,1223900.00,39762.00,1263662.00,39762,1223900,422.00,423.00,845.00,423,422,0.00,0.00,0,0
1511971241,s3-eth1,7050.00,220248.00,227298.00,220248,7050,75.00,112.00,187.00,112,75,0.00,0.00,0,0
1511971241,total,2168380.00,1919216.00,4087596.00,1919216,2168380,1626.00,1756.00,3382.00,1756,1626,0.00,0.00,0,0
1511971242,s2-eth1,20451.48,483784.16,504235.66,488622,20656,217.82,270.30,488.12,273,220,0.00,0.00,0,0
1511971242,s3-eth2,256388.12,6746.53,263134.66,6814,258952,126.73,72.28,199.01,73,128,0.00,0.00,0,0
1511971242,s1-eth1,39879.21,745788.12,785667.31,753246,40278,424.75,460.40,885.15,465,429,0.00,0.00,0,0
1511971242,s2-eth2,732677.25,27059.41,759736.62,27330,740004,392.08,288.12,680.20,291,396,0.00,0.00,0,0
1511971242,lo,1798.02,1798.02,3596.04,1816,1816,21.78,21.78,43.56,22,22,0.00,0.00,0,0
1511971242,s1-eth2,27059.41,732677.25,759736.62,740004,27330,288.12,392.08,680.20,396,291,0.00,0.00,0,0
1511971242,ens33,0.00,0.00,0.00,0,0,0.00,0.00,0.00,0,0,0.00,0.00,0,0
1511971242,s2-eth3,6746.53,256388.12,263134.66,258952,6814,72.28,126.73,199.01,128,73,0.00,0.00,0,0
1511971242,s1-eth3,1239661.38,66730.70,1306392.12,67398,1252058,709.90,709.90,1419.80,717,717,0.00,0.00,0,0
1511971242,s3-eth1,6746.53,256388.12,263134.66,258952,6814,72.28,126.73,199.01,128,73,0.00,0.00,0,0
1511971242,total,2331408.00,2577360.50,4908768.50,2603134,2354722,2325.74,2468.32,4794.06,2493,2349,0.00,0.00,0,0
1511971243,s2-eth1,28011.94,600867.62,628879.56,603872,28152,298.51,306.47,604.98,308,300,0.00,0.00,0,0
1511971243,s3-eth2,168264.67,6827.86,175092.53,6862,169106,82.59,72.64,155.22,73,83,0.00,0.00,0,0
1511971243,s1-eth1,28316.42,489860.69,518177.09,492310,28458,301.49,305.47,606.97,307,303,0.00,0.00,0,0
1511971243,s2-eth2,776664.69,34700.50,811365.19,34874,780548,394.03,369.15,763.18,371,396,0.00,0.00,0,0
1511971243,lo,800.00,800.00,1600.00,804,804,8.96,8.96,17.91,9,9,0.00,0.00,0,0
1511971243,s1-eth2,34700.50,776664.69,811365.19,780548,34874,369.15,394.03,763.18,396,371,0.00,0.00,0,0
1511971243,ens33,0.00,0.00,0.00,0,0,0.00,0.00,0.00,0,0,0.00,0.00,0,0
1511971243,s2-eth3,6827.86,168264.67,175092.53,169106,6862,72.64,82.59,155.22,83,73,0.00,0.00,0,0
1511971243,s1-eth3,1240057.75,62947.26,1303005.00,63262,1246258,669.65,669.65,1339.30,673,673,0.00,0.00,0,0
1511971243,s3-eth1,6897.51,168264.67,175162.19,169106,6932,73.63,82.59,156.22,83,74,0.00,0.00,0,0
1511971243,total,2290541.25,2309198.00,4599739.00,2320744,2301994,2270.65,2291.54,4562.19,2303,2282,0.00,0.00,0,0
1511971244,s2-eth1,27282.00,553848.00,581130.00,553848,27282,291.00,296.00,587.00,296,291,0.00,0.00,0,0
1511971244,s3-eth2,280874.00,11960.00,292834.00,11960,280874,131.00,128.00,259.00,128,131,0.00,0.00,0,0
1511971244,s1-eth1,26460.00,434188.00,460648.00,434188,26460,282.00,282.00,564.00,282,282,0.00,0.00,0,0
1511971244,s2-eth2,831760.00,38962.00,870722.00,38962,831760,426.00,415.00,841.00,415,426,0.00,0.00,0,0
1511971244,lo,2144.00,2144.00,4288.00,2144,2144,24.00,24.00,48.00,24,24,0.00,0.00,0,0
1511971244,s1-eth2,38962.00,831760.00,870722.00,831760,38962,415.00,426.00,841.00,426,415,0.00,0.00,0,0
1511971244,ens33,0.00,0.00,0.00,0,0,0.00,0.00,0.00,0,0,0.00,0.00,0,0
1511971244,s2-eth3,11960.00,280874.00,292834.00,280874,11960,128.00,131.00,259.00,131,128,0.00,0.00,0,0
1511971244,s1-eth3,1243234.00,65212.00,1308446.00,65212,1243234,693.00,694.00,1387.00,694,693,0.00,0.00,0,0
1511971244,s3-eth1,11960.00,280804.00,292764.00,280804,11960,128.00,130.00,258.00,130,128,0.00,0.00,0,0
1511971244,total,2474636.00,2499752.00,4974388.00,2499752,2474636,2518.00,2526.00,5044.00,2526,2518,0.00,0.00,0,0
1511971245,s2-eth1,13566.00,192340.00,205906.00,192340,13566,161.00,106.00,267.00,106,161,0.00,0.00,0,0
1511971245,s3-eth2,315886.00,11562.00,327448.00,11562,315886,135.00,123.00,258.00,123,135,0.00,0.00,0,0
1511971245,s1-eth1,44265.00,745148.00,789413.00,745148,44265,470.00,474.00,944.00,474,470,0.00,0.00,0,0
1511971245,s2-eth2,511258.00,25214.00,536472.00,25214,511258,243.00,285.00,528.00,285,243,0.00,0.00,0,0
1511971245,lo,320.00,320.00,640.00,320,320,4.00,4.00,8.00,4,4,0.00,0.00,0,0
1511971245,s1-eth2,25214.00,511258.00,536472.00,511258,25214,285.00,243.00,528.00,243,285,0.00,0.00,0,0
1511971245,ens33,0.00,0.00,0.00,0,0,0.00,0.00,0.00,0,0,0.00,0.00,0,0
1511971245,s2-eth3,11562.00,315886.00,327448.00,315886,11562,123.00,135.00,258.00,135,123,0.00,0.00,0,0
1511971245,s1-eth3,1245816.00,69206.00,1315022.00,69206,1245816,754.00,753.00,1507.00,753,754,0.00,0.00,0,0
1511971245,s3-eth1,11562.00,315886.00,327448.00,315886,11562,123.00,135.00,258.00,135,123,0.00,0.00,0,0
1511971245,total,2179449.00,2186820.00,4366269.00,2186820,2179449,2298.00,2258.00,4556.00,2258,2298,0.00,0.00,0,0
1511971246,s2-eth1,24851.00,458536.00,483387.00,458536,24851,262.00,256.00,518.00,256,262,0.00,0.00,0,0
1511971246,s3-eth2,172791.00,6610.00,179401.00,6610,172791,71.00,68.00,139.00,68,71,0.00,0.00,0,0
1511971246,s1-eth1,29583.00,485334.00,514917.00,485334,29583,339.00,311.00,650.00,311,339,0.00,0.00,0,0
1511971246,s2-eth2,631530.00,30563.00,662093.00,30563,631530,328.00,325.00,653.00,325,328,0.00,0.00,0,0
1511971246,lo,1984.00,1984.00,3968.00,1984,1984,19.00,19.00,38.00,19,19,0.00,0.00,0,0
1511971246,s1-eth2,30563.00,631530.00,662093.00,631530,30563,325.00,328.00,653.00,328,325,0.00,0.00,0,0
1511971246,ens33,0.00,245.00,245.00,245