1512034880,s1-eth3,0.00,0.00,0.00,0,0,0.00,0.00,0.00,0,0,0.00,0.00,0,0
1512034880,s2-eth3,0.00,0.00,0.00,0,0,0.00,0.00,0.00,0,0,0.00,0.00,0,0
1512034880,ens33,0.00,0.00,0.00,0,0,0.00,0.00,0.00,0,0,0.00,0.00,0,0
1512034880,s1-eth1,0.00,0.00,0.00,0,0,0.00,0.00,0.00,0,0,0.00,0.00,0,0
1512034880,s3-eth1,0.00,0.00,0.00,0,0,0.00,0.00,0.00,0,0,0.00,0.00,0,0
1512034880,s2-eth1,0.00,0.00,0.00,0,0,0.00,0.00,0.00,0,0,0.00,0.00,0,0
1512034880,lo,0.00,0.00,0.00,0,0,0.00,0.00,0.00,0,0,0.00,0.00,0,0
1512034880,s1-eth2,0.00,0.00,0.00,0,0,0.00,0.00,0.00,0,0,0.00,0.00,0,0
1512034880,s3-eth2,0.00,0.00,0.00,0,0,0.00,0.00,0.00,0,0,0.00,0.00,0,0
1512034880,s2-eth2,0.00,0.00,0.00,0,0,0.00,0.00,0.00,0,0,0.00,0.00,0,0
1512034880,total,0.00,0.00,0.00,0,0,0.00,0.00,0.00,0,0,0.00,0.00,0,0
1512034881,s1-eth3,1221272.00,27192.00,1248464.00,27192,1221272,422.00,412.00,834.00,412,422,0.00,0.00,0,0
1512034881,s2-eth3,5387.00,509728.00,515115.00,509728,5387,81.00,176.00,257.00,176,81,0.00,0.00,0,0
1512034881,ens33,0.00,0.00,0.00,0,0,0.00,0.00,0.00,0,0,0.00,0.00,0,0
1512034881,s1-eth1,13942.00,1225414.00,1239356.00,1225414,13942,210.00,423.00,633.00,423,210,0.00,0.00,0,0
1512034881,s3-eth1,5494.00,509728.00,515222.00,509728,5494,82.00,176.00,258.00,176,82,0.00,0.00,0,0
1512034881,s2-eth1,8398.00,709762.00,718160.00,709762,8398,126.00,245.00,371.00,245,126,0.00,0.00,0,0
1512034881,lo,915.00,915.00,1830.00,915,915,9.00,9.00,18.00,9,9,0.00,0.00,0,0
1512034881,s1-eth2,13571.00,1225521.00,1239092.00,1225521,13571,205.00,424.00,629.00,424,205,0.00,0.00,0,0
1512034881,s3-eth2,509728.00,5387.00,515115.00,5387,509728,176.00,81.00,257.00,81,176,0.00,0.00,0,0
1512034881,s2-eth2,1225521.00,13571.00,1239092.00,13571,1225521,424.00,205.00,629.00,205,424,0.00,0.00,0,0
1512034881,total,3004228.00,4227218.00,7231446.00,4227218,3004228,1735.00,2151.00,3886.00,2151,1735,0.00,0.00,0,0
1512034882,s1-eth3,1225414.00,27592.00,1253006.00,27592,1225414,423.00,418.00,841.00,418,423,0.00,0.00,0,0
1512034882,s2-eth3,7783.00,627137.00,634920.00,627137,7783,113.00,219.00,332.00,219,113,0.00,0.00,0,0
1512034882,ens33,0.00,0.00,0.00,0,0,0.00,0.00,0.00,0,0,0.00,0.00,0,0
1512034882,s1-eth1,14715.00,1223970.00,1238685.00,1223970,14715,216.00,423.00,639.00,423,216,0.00,0.00,0,0
1512034882,s3-eth1,8053.00,626830.00,634883.00,626830,8053,115.00,217.00,332.00,217,115,0.00,0.00,0,0
1512034882,s2-eth1,7785.00,623798.00,631583.00,623798,7785,111.00,215.00,326.00,215,111,0.00,0.00,0,0
1512034882,lo,6147.00,6147.00,12294.00,6147,6147,62.00,62.00,124.00,62,62,0.00,0.00,0,0
1512034882,s1-eth2,14204.00,1224547.00,1238751.00,1224547,14204,213.00,427.00,640.00,427,213,0.00,0.00,0,0
1512034882,s3-eth2,627137.00,7783.00,634920.00,7783,627137,219.00,113.00,332.00,113,219,0.00,0.00,0,0
1512034882,s2-eth2,1224547.00,14204.00,1238751.00,14204,1224547,427.00,213.00,640.00,213,427,0.00,0.00,0,0
1512034882,total,3135785.00,4382008.00,7517793.00,4382008,3135785,1899.00,2307.00,4206.00,2307,1899,0.00,0.00,0,0
1512034883,s1-eth3,1222666.00,27324.00,1249990.00,27324,1222666,424.00,414.00,838.00,414,424,0.00,0.00,0,0
1512034883,s2-eth3,4624.00,388290.00,392914.00,388290,4624,70.00,135.00,205.00,135,70,0.00,0.00,0,0
1512034883,ens33,60.00,60.00,120.00,60,60,1.00,1.00,2.00,1,1,0.00,0.00,0,0
1512034883,s1-eth1,13802.00,1222452.00,1236254.00,1222452,13802,209.00,422.00,631.00,422,209,0.00,0.00,0,0
1512034883,s3-eth1,4624.00,388220.00,392844.00,388220,4624,70.00,134.00,204.00,134,70,0.00,0.00,0,0
1512034883,s2-eth1,9248.00,823902.00,833150.00,823902,9248,140.00,285.00,425.00,285,140,0.00,0.00,0,0
1512034883,lo,1340.00,1340.00,2680.00,1340,1340,15.00,15.00,30.00,15,15,0.00,0.00,0,0
1512034883,s1-eth2,13662.00,1224040.00,1237702.00,1224040,13662,207.00,424.00,631.00,424,207,0.00,0.00,0,0
1512034883,s3-eth2,388290.00,4624.00,392914.00,4624,388290,135.00,70.00,205.00,70,135,0.00,0.00,0,0
1512034883,s2-eth2,1224040.00,13662.00,1237702.00,13662,1224040,424.00,207.00,631.00,207,424,0.00,0.00,0,0
1512034883,total,2882356.00,4093914.00,6976270.00,4093914,2882356,1695.00,2107.00,3802.00,2107,1695,0.00,0.00,0,0
1512034884,s1-eth3,1227169.00,28688.00,1255857.00,28688,1227169,425.00,422.00,847.00,422,425,0.00,0.00,0,0
1512034884,s2-eth3,10092.00,668184.00,678276.00,668184,10092,146.00,252.00,398.00,252,146,0.00,0.00,0,0
1512034884,ens33,0.00,0.00,0.00,0,0,0.00,0.00,0.00,0,0,0.00,0.00,0,0
1512034884,s1-eth1,11336.00,1006244.00,1017580.00,1006244,11336,172.00,350.00,522.00,350,172,0.00,0.00,0,0
1512034884,s3-eth1,10092.00,668184.00,678276.00,668184,10092,146.00,252.00,398.00,252,146,0.00,0.00,0,0
1512034884,s2-eth1,7512.00,486776.00,494288.00,486776,7512,110.00,180.00,290.00,180,110,0.00,0.00,0,0
1512034884,lo,3676.00,3676.00,7352.00,3676,3676,33.00,33.00,66.00,33,33,0.00,0.00,0,0
1512034884,s1-eth2,17520.00,1175610.00,1193130.00,1175610,17520,254.00,437.00,691.00,437,254,0.00,0.00,0,0
1512034884,s3-eth2,668184.00,10092.00,678276.00,10092,668184,252.00,146.00,398.00,146,252,0.00,0.00,0,0
1512034884,s2-eth2,1175610.00,17520.00,1193130.00,17520,1175610,437.00,254.00,691.00,254,437,0.00,0.00,0,0
1512034884,total,3131191.00,4064974.00,7196165.00,4064974,3131191,1975.00,2326.00,4301.00,2326,1975,0.00,0.00,0,0
1512034885,s1-eth3,1223126.00,39674.00,1262800.00,39674,1223126,430.00,427.00,857.00,427,430,0.00,0.00,0,0
1512034885,s2-eth3,4767.00,80242.00,85009.00,80242,4767,55.00,53.00,108.00,53,55,0.00,0.00,0,0
1512034885,ens33,0.00,0.00,0.00,0,0,0.00,0.00,0.00,0,0,0.00,0.00,0,0
1512034885,s1-eth1,16664.00,257380.00,274044.00,257380,16664,177.00,170.00,347.00,170,177,0.00,0.00,0,0
1512034885,s3-eth1,4874.00,80242.00,85116.00,80242,4874,56.00,53.00,109.00,53,56,0.00,0.00,0,0
1512034885,s2-eth1,18778.00,289174.00,307952.00,289174,18778,200.00,191.00,391.00,191,200,0.00,0.00,0,0
1512034885,lo,1071.00,1071.00,2142.00,1071,1071,12.00,12.00,24.00,12,12,0.00,0.00,0,0
1512034885,s1-eth2,23331.00,369523.00,392854.00,369523,23331,253.00,245.00,498.00,245,253,0.00,0.00,0,0
1512034885,s3-eth2,80242.00,4767.00,85009.00,4767,80242,53.00,55.00,108.00,55,53,0.00,0.00,0,0
1512034885,s2-eth2,369523.00,23331.00,392854.00,23331,369523,245.00,253.00,498.00,253,245,0.00,0.00,0,0
1512034885,total,1742376.00,1145404.00,2887780.00,1145404,1742376,1481.00,1459.00,2940.00,1459,1481,0.00,0.00,0,0
1512034886,s1-eth3,1224230.00,40138.00,1264368.00,40138,1224230,427.00,427.00,854.00,427,427,0.00,0.00,0,0
1512034886,s2-eth3,13455.00,254261.00,267716.00,254261,13455,143.00,166.00,309.00,166,143,0.00,0.00,0,0
1512034886,ens33,0.00,0.00,0.00,0,0,0.00,0.00,0.00,0,0,0.00,0.00,0,0
1512034886,s1-eth1,22291.00,622176.00,644467.00,622176,22291,237.00,344.00,581.00,344,237,0.00,0.00,0,0
1512034886,s3-eth1,13455.00,254154.00,267609.00,254154,13455,143.00,165.00,308.00,165,143,0.00,0.00,0,0
1512034886,s2-eth1,4713.00,136850.00,141563.00,136850,4713,50.00,77.00,127.00,77,50,0.00,0.00,0,0
1512034886,lo,915.00,915.00,1830.00,915,915,9.00,9.00,18.00,9,9,0.00,0.00,0,0
1512034886,s1-eth2,17954.00,391111.00,409065.00,391111,17954,191.00,243.00,434.00,243,191,0.00,0.00,0,0
1512034886,s3-eth2,254261.00,13455.00,267716.00,13455,254261,166.00,143.00,309.00,143,166,0.00,0.00,0,0
1512034886,s2-eth2,391111.00,17954.00,409065.00,17954,391111,243.00,191.00,434.00,191,243,0.00,0.00,0,0
1512034886,total,1942385.00,1731014.00,3673399.00,1731014,1942385,1609.00,1765.00,3374.00,1765,1609,0.00,0.00,0,0
1512034887,s1-eth3,1243889.00,67586.00,1311475.00,67586,1243889,723.00,719.00,1442.00,719,723,0.00,0.00,0,0
1512034887,s2-eth3,14006.00,487756.00,501762.00,487756,14006,149.00,238.00,387.00,238,149,0.00,0.00,0,0
1512034887,ens33,0.00,0.00,0.00,0,0,0.00,0.00,0.00,0,0,0.00,0.00,0,0
1512034887,s1-eth1,28482.00,1007636.00,1036118.00,1007636,28482,303.00,502.00,805.00,502,303,0.00,0.00,0,0
1512034887,s3-eth1,14006.00,487756.00,501762.00,487756,14006,149.00,238.00,387.00,238,149,0.00,0.00,0,0
1512034887,s2-eth1,25098.00,750714.00,775812.00,750714,25098,267.00,317.00,584.00,317,267,0.00,0.00,0,0
1512034887,lo,0.00,0.00,0.00,0,0,0.00,0.00,0.00,0,0,0.00,0.00,0,0
1512034887,s1-eth2,39104.00,1095168.00,1134272.00,1095168,39104,416.00,468.00,884.00,468,416,0.00,0.00,0,0
1512034887,s3-eth2,487756.00,14006.00,501762.00,14006,487756,238.00,149.00,387.00,149,238,0.00,0.00,0,0
1512034887,s2-eth2,1095168.00,39104.00,1134272.00,39104,1095168,468.00,416.00,884.00,416,468,0.00,0.00,0,0
1512034887,total,2947509.00,3949726.00,6897235.00,3949726,2947509,2713.00,3047.00,5760.00,3047,2713,0.00,0.00,0,0
1512034888,s1-eth3,1235846.00,56682.00,1292528.00,56682,1235846,603.00,603.00,1206.00,603,603,0.00,0.00,0,0
1512034888,s2-eth3,12502.00,239604.00,252106.00,239604,12502,133.00,142.00,275.00,142,133,0.00,0.00,0,0
1512034888,ens33,0.00,0.00,0.00,0,0,0.00,0.00,0.00,0,0,0.00,0.00,0,0
1512034888,s1-eth1,33934.00,769418.00,803352.00,769418,33934,361.00,381.00,742.00,381,361,0.00,0.00,0,0
1512034888,s3-eth1,12502.00,239604.00,252106.00,239604,12502,133.00,142.00,275.00,142,133,0.00,0.00,0,0
1512034888,s2-eth1,10246.00,229464.00,239710.00,229464,10246,109.00,120.00,229.00,120,109,0.00,0.00,0,0
1512034888,lo,0.00,0.00,0.00,0,0,0.00,0.00,0.00,0,0,0.00,0.00,0,0
1512034888,s1-eth2,22748.00,612370.00,635118.00,612370,22748,242.00,349.00,591.00,349,242,0.00,0.00,0,0
1512034888,s3-eth2,239604.00,12502.00,252106.00,12502,239604,142.00,133.00,275.00,133,142,0.00,0.00,0,0
1512034888,s2-eth2,612370.00,22748.00,635118.00,22748,612370,349.00,242.00,591.00,242,349,0.00,0.00,0,0
1512034888,total,2179752.00,2182392.00,4362144.00,2182392,2179752,2072.00,2112.00,4184.00,2112,2072,0.00,0.00,0,0
1512034889,s1-eth3,1236572.00,57810.00,1294382.00,57810,1236572,614.00,615.00,1229.00,615,614,0.00,0.00,0,0
1512034889,s2-eth3,10152.00,218276.00,228428.00,218276,10152,108.00,126.00,234.00,126,108,0.00,0.00,0,0
1512034889,ens33,0.00,0.00,0.00,0,0,0.00,0.00,0.00,0,0,0.00,0.00,0,0
1512034889,s1-eth1,32806.00,513776.00,546582.00,513776,32806,349.00,288.00,637.00,288,349,0.00,0.00,0,0
1512034889,s3-eth1,10152.00,218276.00,228428.00,218276,10152,108.00,126.00,234.00,126,108,0.00,0.00,0,0
1512034889,s2-eth1,14852.00,455826.00,470678.00,455826,14852,158.00,193.00,351.00,193,158,0.00,0.00,0,0
1512034889,lo,0.00,0.00,0.00,0,0,0.00,0.00,0.00,0,0,0.00,0.00,0,0
1512034889,s1-eth2,25004.00,668178.00,693182.00,668178,25004,266.00,317.00,583.00,317,266,0.00,0.00,0,0
1512034889,s3-eth2,218276.00,10152.00,228428.00,10152,218276,126.00,108.00,234.00,108,126,0.00,0.00,0,0
1512034889,s2-eth2,668178.00,25004.00,693182.00,25004,668178,317.00,266.00,583.00,266,317,0.00,0.00,0,0
1512034889,total,2215992.00,2167298.00,4383290.00,2167298,2215992,2046.00,2039.00,4085.00,2039,2046,0.00,0.00,0,0
1512034890,s1-eth3,1236836.00,58162.00,1294998.00,58162,1236836,618.00,619.00,1237.00,619,618,0.00,0.00,0,0
1512034890,s2-eth3,8646.00,173974.00,182620.00,173974,8646,93.00,91.00,184.00,91,93,0.00,0.00,0,0
1512034890,ens33,0.00,0.00,0.00,0,0,0.00,0.00,0.00,0,0,0.00,0.00,0,0
1512034890,s1-eth1,39972.00,21266.00,61238.00,21266,39972,426.00,15.00,441.00,15,426,0.00,0.00,0,0
1512034890,s3-eth1,8646.00,173974.00,182620.00,173974,8646,93.00,91.00,184.00,91,93,0.00,0.00,0,0
1512034890,s2-eth1,10174.00,262306.00,272480.00,262306,10174,109.00,113.00,222.00,113,109,0.00,0.00,0,0
1512034890,lo,2680.00,2680.00,5360.00,2680,2680,30.00,30.00,60.00,30,30,0.00,0.00,0,0
1512034890,s1-eth2,18540.00,442274.00,460814.00,442274,18540,198.00,207.00,405.00,207,198,0.00,0.00,0,0
1512034890,s3-eth2,173974.00,8646.00,182620.00,8646,173974,91.00,93.00,184.00,93,91,0.00,0.00,0,0
1512034890,s2-eth2,442274.00,18540.00,460814.00,18540,442274,207.00,198.00,405.00,198,207,0.00,0.00,0,0
1512034890,total,1941742.00,1161822.00,3103564.00,1161822,1941742,1865.00,1457.00,3322.00,1457,1865,0.00,0.00,0,0
1512034891,s1-eth3,1235142.00,55782.00,1290924.00,55782,1235142,599.00,597.00,1196.00,597,599,0.00,0.00,0,0
1512034891,s2-eth3,18270.00,418120.00,436390.00,418120,18270,197.00,214.00,411.00,214,197,0.00,0.00,0,0
1512034891,ens33,0.00,0.00,0.00,0,0,0.00,0.00,0.00,0,0,0.00,0.00,0,0
1512034891,s1-eth1,11872.00,67522.00,79394.00,67522,11872,128.00,29.00,157.00,29,128,0.00,0.00,0,0
1512034891,s3-eth1,18340.00,418120.00,436460.00,418120,18340,198.00,214.00,412.00,214,198,0.00,0.00,0,0
1512034891,s2-eth1,25990.00,686342.00,712332.00,686342,25990,277.00,285.00,562.00,285,277,0.00,0.00,0,0
1512034891,lo,1608.00,1608.00,3216.00,1608,1608,18.00,18.00,36.00,18,18,0.00,0.00,0,0
1512034891,s1-eth2,44050.00,1030280.00,1074330.00,1030280,44050,471.00,472.00,943.00,472,471,0.00,0.00,0,0
1512034891,s3-eth2,418120.00,18270.00,436390.00,18270,418120,214.00,197.00,411.00,197,214,0.00,0.00,0,0
1512034891,s2-eth2,1030280.00,44050.00,1074330.00,44050,1030280,472.00,471.00,943.00,471,472,0.00,0.00,0,0
1512034891,total,2803672.00,2740094.00,5543766.00,2740094,2803672,2574.00,2497.00,5071.00,2497,2574,0.00,0.00,0,0
1512034892,s1-eth3,1233336.00,36768.00,1270104.00,36768,1233336,558.00,538.00,1096.00,538,558,0.00,0.00,0,0
1512034892,s2-eth3,15378.00,722934.00,738312.00,722934,15378,233.00,269.00,502.00,269,233,0.00,0.00,0,0
1512034892,ens33,0.00,0.00,0.00,0,0,0.00,0.00,0.00,0,0,0.00,0.00,0,0
1512034892,s1-eth1,2050.00,621166.00,623216.00,621166,2050,31.00,219.00,250.00,219,31,0.00,0.00,0,0
1512034892,s3-eth1,15378.00,722864.00,738242.00,722864,15378,233.00,268.00,501.00,268,233,0.00,0.00,0,0
1512034892,s2-eth1,19480.00,473082.00,492562.00,473082,19480,276.00,257.00,533.00,257,276,0.00,0.00,0,0
1512034892,lo,536.00,536.00,1072.00,536,536,6.00,6.00,12.00,6,6,0.00,0.00,0,0
1512034892,s1-eth2,34788.00,1229914.00,1264702.00,1229914,34788,508.00,535.00,1043.00,535,508,0.00,0.00,0,0
1512034892,s3-eth2,722934.00,15378.00,738312.00,15378,722934,269.00,233.00,502.00,233,269,0.00,0.00,0,0
1512034892,s2-eth2,1229914.00,34788.00,1264702.00,34788,1229914,535.00,508.00,1043.00,508,535,0.00,0.00,0,0
1512034892,total,3273794.00,3857430.00,7131224.00,3857430,3273794,2649.00,2833.00,5482.00,2833,2649,0.00,0.00,0,0
1512034893,s1-eth3,1230174.00,34056.00,1264230.00,34056,1230174,517.00,516.00,1033.00,516,517,0.00,0.00,0,0
1512034893,s2-eth3,12515.00,494130.00,506645.00,494130,12515,189.00,181.00,370.00,181,189,0.00,0.00,0,0
1512034893,ens33,0.00,0.00,0.00,0,0,0.00,0.00,0.00,0,0,0.00,0.00,0,0
1512034893,s1-eth1,9850.00,520260.00,530110.00,520260,9850,148.00,182.00,330.00,182,148,0.00,0.00,0,0
1512034893,s3-eth1,12622.00,494130.00,506752.00,494130,12622,190.00,181.00,371.00,181,190,0.00,0.00,0,0
1512034893,s2-eth1,12226.00,327144.00,339370.00,327144,12226,184.00,152.00,336.00,152,184,0.00,0.00,0,0
1512034893,lo,915.00,915.00,1830.00,915,915,9.00,9.00,18.00,9,9,0.00,0.00,0,0
1512034893,s1-eth2,24527.00,861665.00,886192.00,861665,24527,371.00,352.00,723.00,352,371,0.00,0.00,0,0
1512034893,s3-eth2,494130.00,12515.00,506645.00,12515,494130,181.00,189.00,370.00,189,181,0.00,0.00,0,0
1512034893,s2-eth2,861665.00,24527.00,886192.00,24527,861665,352.00,371.00,723.00,371,352,0.00,0.00,0,0
1512034893,total,2658624.00,2769342.00,5427966.00,2769342,2658624,2141.00,2133.00,4274.00,2133,2141,0.00,0.00,0,0
1512034894,s1-eth3,1227332.00,31284.00,1258616.00,31284,1227332,474.00,474.00,948.00,474,474,0.00,0.00,0,0
1512034894,s2-eth3,11393.00,483375.00,494768.00,483375,11393,172.00,171.00,343.00,171,172,0.00,0.00,0,0
1512034894,ens33,0.00,0.00,0.00,0,0,0.00,0.00,0.00,0,0,0.00,0.00,0,0
1512034894,s1-eth1,10337.00,443248.00,453585.00,443248,10337,156.00,156.00,312.00,156,156,0.00,0.00,0,0
1512034894,s3-eth1,11393.00,483268.00,494661.00,483268,11393,172.00,170.00,342.00,170,172,0.00,0.00,0,0
1512034894,s2-eth1,9875.00,304698.00,314573.00,304698,9875,149.00,141.00,290.00,141,149,0.00,0.00,0,0
1512034894,lo,915.00,915.00,1830.00,915,915,9.00,9.00,18.00,9,9,0.00,0.00,0,0
1512034894,s1-eth2,21054.00,788073.00,809127.00,788073,21054,319.00,312.00,631.00,312,319,0.00,0.00,0,0
1512034894,s3-eth2,483375.00,11393.00,494768.00,11393,483375,171.00,172.00,343.00,172,171,0.00,0.00,0,0
1512034894,s2-eth2,788073.00,21054.00,809127.00,21054,788073,312.00,319.00,631.00,319,312,0.00,0.00,0,0
1512034894,total,2563747.00,2567308.00,5131055.00,2567308,2563747,1934.00,1924.00,3858.00,1924,1934,0.00,0.00,0,0
1512034895,s1-eth3,1227913.00,30030.00,1257943.00,30030,1227913,459.00,455.00,914.00,455,459,0.00,0.00,0,0
1512034895,s2-eth3,8646.00,360510.00,369156.00,360510,8646,131.00,131.00,262.00,131,131,0.00,0.00,0,0
1512034895,ens33,0.00,0.00,0.00,0,0,0.00,0.00,0.00,0,0,0.00,0.00,0,0
1512034895,s1-eth1,13926.00,611950.00,625876.00,611950,13926,211.00,211.00,422.00,211,211,0.00,0.00,0,0
1512034895,s3-eth1,8646.00,360510.00,369156.00,360510,8646,131.00,131.00,262.00,131,131,0.00,0.00,0,0
1512034895,s2-eth1,7458.00,252038.00,259496.00,252038,7458,113.00,111.00,224.00,111,113,0.00,0.00,0,0
1512034895,lo,0.00,0.00,0.00,0,0,0.00,0.00,0.00,0,0,0.00,0.00,0,0
1512034895,s1-eth2,16104.00,612548.00,628652.00,612548,16104,244.00,242.00,486.00,242,244,0.00,0.00,0,0
1512034895,s3-eth2,360510.00,8646.00,369156.00,8646,360510,131.00,131.00,262.00,131,131,0.00,0.00,0,0
1512034895,s2-eth2,612548.00,16104.00,628652.00,16104,612548,242.00,244.00,486.00,244,242,0.00,0.00,0,0
1512034895,total,2255751.00,2252336.00,4508087.00,2252336,2255751,1662.00,1656.00,3318.00,1656,1662,0.00,0.00,0,0
1512034896,s1-eth3,1224960.00,28908.00,1253868.00,28908,1224960,460.00,438.00,898.00,438,460,0.00,0.00,0,0
1512034896,s2-eth3,9834.00,472670.00,482504.00,472670,9834,149.00,163.00,312.00,163,149,0.00,0.00,0,0
1512034896,ens33,0.00,0.00,0.00,0,0,0.00,0.00,0.00,0,0,0.00,0.00,0,0
1512034896,s1-eth1,10296.00,443182.00,453478.00,443182,10296,156.00,155.00,311.00,155,156,0.00,0.00,0,0
1512034896,s3-eth1,9834.00,472670.00,482504.00,472670,9834,149.00,163.00,312.00,163,149,0.00,0.00,0,0
1512034896,s2-eth1,8778.00,314306.00,323084.00,314306,8778,133.00,133.00,266.00,133,133,0.00,0.00,0,0
1512034896,lo,0.00,0.00,0.00,0,0,0.00,0.00,0.00,0,0,0.00,0.00,0,0
1512034896,s1-eth2,18612.00,786976.00,805588.00,786976,18612,282.00,296.00,578.00,296,282,0.00,0.00,0,0
1512034896,s3-eth2,472670.00,9834.00,482504.00,9834,472670,163.00,149.00,312.00,149,163,0.00,0.00,0,0
1512034896,s2-eth2,786976.00,18612.00,805588.00,18612,786976,296.00,282.00,578.00,282,296,0.00,0.00,0,0
1512034896,total,2541960.00,2547158.00,5089118.00,2547158,2541960,1788.00,1779.00,3567.00,1779,1788,0.00,0.00,0,0
1512034897,s1-eth3,1227922.00,29832.00,1257754.00,29832,1227922,461.00,452.00,913.00,452,461,0.00,0.00,0,0
1512034897,s2-eth3,10560.00,484518.00,495078.00,484518,10560,160.00,167.00,327.00,167,160,0.00,0.00,0,0
1512034897,ens33,0.00,0.00,0.00,0,0,0.00,0.00,0.00,0,0,0.00,0.00,0,0
1512034897,s1-eth1,10098.00,446144.00,456242.00,446144,10098,153.00,156.00,309.00,156,153,0.00,0.00,0,0
1512034897,s3-eth1,10560.00,484518.00,495078.00,484518,10560,160.00,167.00,327.00,167,160,0.00,0.00,0,0
1512034897,s2-eth1,9174.00,301538.00,310712.00,301538,9174,139.00,137.00,276.00,137,139,0.00,0.00,0,0
1512034897,lo,0.00,0.00,0.00,0,0,0.00,0.00,0.00,0,0,0.00,0.00,0,0
1512034897,s1-eth2,19734.00,786056.00,805790.00,786056,19734,299.00,304.00,603.00,304,299,0.00,0.00,0,0
1512034897,s3-eth2,484518.00,10560.00,495078.00,10560,484518,167.00,160.00,327.00,160,167,0.00,0.00,0,0
1512034897,s2-eth2,786056.00,19734.00,805790.00,19734,786056,304.00,299.00,603.00,299,304,0.00,0.00,0,0
1512034897,total,2558622.00,2562900.00,5121522.00,2562900,2558622,1843.00,1842.00,3685.00,1842,1843,0.00,0.00,0,0
1512034898,s1-eth3,1225748.00,28578.00,1254326.00,28578,1225748,450.00,433.00,883.00,433,450,0.00,0.00,0,0
1512034898,s2-eth3,8250.00,379334.00,387584.00,379334,8250,125.00,131.00,256.00,131,125,0.00,0.00,0,0
1512034898,ens33,0.00,0.00,0.00,0,0,0.00,0.00,0.00,0,0,0.00,0.00,0,0
1512034898,s1-eth1,12540.00,577854.00,590394.00,577854,12540,190.00,199.00,389.00,199,190,0.00,0.00,0,0
1512034898,s3-eth1,8250.00,379334.00,387584.00,379334,8250,125.00,131.00,256.00,131,125,0.00,0.00,0,0
1512034898,s2-eth1,7788.00,268428.00,276216.00,268428,7788,118.00,118.00,236.00,118,118,0.00,0.00,0,0
1512034898,lo,516.00,516.00,1032.00,516,516,9.00,9.00,18.00,9,9,0.00,0.00,0,0
1512034898,s1-eth2,16038.00,647762.00,663800.00,647762,16038,243.00,249.00,492.00,249,243,0.00,0.00,0,0
1512034898,s3-eth2,379334.00,8250.00,387584.00,8250,379334,131.00,125.00,256.00,125,131,0.00,0.00,0,0
1512034898,s2-eth2,647762.00,16038.00,663800.00,16038,647762,249.00,243.00,492.00,243,249,0.00,0.00,0,0
1512034898,total,2306226.00,2306094.00,4612320.00,2306094,2306226,1640.00,1638.00,3278.00,1638,1640,0.00,0.00,0,0
1512034899,s1-eth3,1225418.00,28446.00,1253864.00,28446,1225418,445.00,431.00,876.00,431,445,0.00,0.00,0,0
1512034899,s2-eth3,9702.00,447460.00,457162.00,447460,9702,147.00,154.00,301.00,154,147,0.00,0.00,0,0
1512034899,ens33,0.00,0.00,0.00,0,0,0.00,0.00,0.00,0,0,0.00,0.00,0,0
1512034899,s1-eth1,10296.00,474184.00,484480.00,474184,10296,156.00,164.00,320.00,164,156,0.00,0.00,0,0
1512034899,s3-eth1,9702.00,447460.00,457162.00,447460,9702,147.00,154.00,301.00,154,147,0.00,0.00,0,0
1512034899,s2-eth1,8448.00,308118.00,316566.00,308118,8448,128.00,127.00,255.00,127,128,0.00,0.00,0,0
1512034899,lo,0.00,0.00,0.00,0,0,0.00,0.00,0.00,0,0,0.00,0.00,0,0
1512034899,s1-eth2,18150.00,755578.00,773728.00,755578,18150,275.00,281.00,556.00,281,275,0.00,0.00,0,0
1512034899,s3-eth2,447460.00,9702.00,457162.00,9702,447460,154.00,147.00,301.00,147,154,0.00,0.00,0,0
1512034899,s2-eth2,755578.00,18150.00,773728.00,18150,755578,281.00,275.00,556.00,275,281,0.00,0.00,0,0
1512034899,total,2484754.00,2489098.00,4973852.00,2489098,2484754,1733.00,1733.00,3466.00,1733,1733,0.00,0.00,0,0
1512034900,s1-eth3,1227394.00,28908.00,1256302.00,28908,1227394,453.00,438.00,891.00,438,453,0.00,0.00,0,0
1512034900,s2-eth3,10692.00,491956.00,502648.00,491956,10692,162.00,170.00,332.00,170,162,0.00,0.00,0,0
1512034900,ens33,0.00,0.00,0.00,0,0,0.00,0.00,0.00,0,0,0.00,0.00,0,0
1512034900,s1-eth1,9570.00,441536.00,451106.00,441536,9570,145.00,152.00,297.00,152,145,0.00,0.00,0,0
1512034900,s3-eth1,10692.00,491956.00,502648.00,491956,10692,162.00,170.00,332.00,170,162,0.00,0.00,0,0
1512034900,s2-eth1,8646.00,295284.00,303930.00,295284,8646,131.00,130.00,261.00,130,131,0.00,0.00,0,0
1512034900,lo,0.00,0.00,0.00,0,0,0.00,0.00,0.00,0,0,0.00,0.00,0,0
1512034900,s1-eth2,19338.00,787240.00,806578.00,787240,19338,293.00,300.00,593.00,300,293,0.00,0.00,0,0
1512034900,s3-eth2,491956.00,10692.00,502648.00,10692,491956,170.00,162.00,332.00,162,170,0.00,0.00,0,0
1512034900,s2-eth2,787240.00,19338.00,806578.00,19338,787240,300.00,293.00,593.00,293,300,0.00,0.00,0,0
1512034900,total,2565528.00,2566910.00,5132438.00,2566910,2565528,1816.00,1815.00,3631.00,1815,1816,0.00,0.00,0,0
1512034901,s1-eth3,1225682.00,26928.00,1252610.00,26928,1225682,449.00,408.00,857.00,408,449,0.00,0.00,0,0
1512034901,s2-eth3,8580.00,394144.00,402724.00,394144,8580,130.00,136.00,266.00,136,130,0.00,0.00,0,0
1512034901,ens33,0.00,0.00,0.00,0,0,0.00,0.00,0.00,0,0,0.00,0.00,0,0
1512034901,s1-eth1,12210.00,560082.00,572292.00,560082,12210,185.00,193.00,378.00,193,185,0.00,0.00,0,0
1512034901,s3-eth1,8580.00,394144.00,402724.00,394144,8580,130.00,136.00,266.00,136,130,0.00,0.00,0,0
1512034901,s2-eth1,6138.00,268622.00,274760.00,268622,6138,93.00,99.00,192.00,99,93,0.00,0.00,0,0
1512034901,lo,0.00,0.00,0.00,0,0,0.00,0.00,0.00,0,0,0.00,0.00,0,0
1512034901,s1-eth2,14718.00,662766.00,677484.00,662766,14718,223.00,235.00,458.00,235,223,0.00,0.00,0,0
1512034901,s3-eth2,394144.00,8580.00,402724.00,8580,394144,136.00,130.00,266.00,130,136,0.00,0.00,0,0
1512034901,s2-eth2,662766.00,14718.00,677484.00,14718,662766,235.00,223.00,458.00,223,235,0.00,0.00,0,0
1512034901,total,2332818.00,2329984.00,4662802.00,2329984,2332818,1581.00,1560.00,3141.00,1560,1581,0.00,0.00,0,0
1512034902,s1-eth3,1223574.00,26394.00,1249968.00,26394,1223574,439.00,401.00,840.00,401,439,0.00,0.00,0,0
1512034902,s2-eth3,9282.00,426768.00,436050.00,426768,9282,141.00,148.00,289.00,148,141,0.00,0.00,0,0
1512034902,ens33,0.00,0.00,0.00,0,0,0.00,0.00,0.00,0,0,0.00,0.00,0,0
1512034902,s1-eth1,10734.00,491998.00,502732.00,491998,10734,163.00,171.00,334.00,171,163,0.00,0.00,0,0
1512034902,s3-eth1,9282.00,426768.00,436050.00,426768,9282,141.00,148.00,289.00,148,141,0.00,0.00,0,0
1512034902,s2-eth1,6378.00,312698.00,319076.00,312698,6378,97.00,109.00,206.00,109,97,0.00,0.00,0,0
1512034902,lo,3396.00,3396.00,6792.00,3396,3396,33.00,33.00,66.00,33,33,0.00,0.00,0,0
1512034902,s1-eth2,15660.00,739466.00,755126.00,739466,15660,238.00,257.00,495.00,257,238,0.00,0.00,0,0
1512034902,s3-eth2,426768.00,9282.00,436050.00,9282,426768,148.00,141.00,289.00,141,148,0.00,0.00,0,0
1512034902,s2-eth2,739466.00,15660.00,755126.00,15660,739466,257.00,238.00,495.00,238,257,0.00,0.00,0,0
1512034902,total,2444540.00,2452430.00,4896970.00,2452430,2444540,1657.00,1646.00,3303.00,1646,1657,0.00,0.00,0,0
1512034903,s1-eth3,1225762.25,26763.24,1252525.50,26790,1226988,425.57,406.59,832.17,407,426,0.00,0.00,0,0
1512034903,s2-eth3,10804.00,493446.00,504250.00,493446,10804,164.00,171.00,335.00,171,164,0.00,0.00,0,0
1512034903,ens33,0.00,0.00,0.00,0,0,0.00,0.00,0.00,0,0,0.00,0.00,0,0
1512034903,s1-eth1,9612.00,441648.00,451260.00,441648,9612,146.00,154.00,300.00,154,146,0.00,0.00,0,0
1512034903,s3-eth1,10804.00,493446.00,504250.00,493446,10804,164.00,171.00,335.00,171,164,0.00,0.00,0,0
1512034903,s2-eth1,6514.00,293412.00,299926.00,293412,6514,99.00,102.00,201.00,102,99,0.00,0.00,0,0
1512034903,lo,804.00,804.00,1608.00,804,804,9.00,9.00,18.00,9,9,0.00,0.00,0,0
1512034903,s1-eth2,17248.00,786858.00,804106.00,786858,17248,262.00,273.00,535.00,273,262,0.00,0.00,0,0
1512034903,s3-eth2,493446.00,10804.00,504250.00,10804,493446,171.00,164.00,335.00,164,171,0.00,0.00,0,0
1512034903,s2-eth2,786858.00,17248.00,804106.00,17248,786858,273.00,262.00,535.00,262,273,0.00,0.00,0,0
1512034903,total,2563078.00,2564456.00,5127534.00,2564456,2563078,1714.00,1713.00,3427.00,1713,1714,0.00,0.00,0,0
1512034904,s1-eth3,1222578.00,26664.00,1249242.00,26664,1222578,425.00,404.00,829.00,404,425,0.00,0.00,0,0
1512034904,s2-eth3,9108.00,416392.00,425500.00,416392,9108,138.00,144.00,282.00,144,138,0.00,0.00,0,0
1512034904,ens33,0.00,0.00,0.00,0,0,0.00,0.00,0.00,0,0,0.00,0.00,0,0
1512034904,s1-eth1,11884.00,540862.00,552746.00,540862,11884,180.00,187.00,367.00,187,180,0.00,0.00,0,0
1512034904,s3-eth1,9108.00,416392.00,425500.00,416392,9108,138.00,144.00,282.00,144,138,0.00,0.00,0,0
1512034904,s2-eth1,5742.00,266712.00,272454.00,266712,5742,87.00,92.00,179.00,92,87,0.00,0.00,0,0
1512034904,lo,0.00,0.00,0.00,0,0,0.00,0.00,0.00,0,0,0.00,0.00,0,0
1512034904,s1-eth2,14850.00,683104.00,697954.00,683104,14850,225.00,236.00,461.00,236,225,0.00,0.00,0,0
1512034904,s3-eth2,416392.00,9108.00,425500.00,9108,416392,144.00,138.00,282.00,138,144,0.00,0.00,0,0
1512034904,s2-eth2,683104.00,14850.00,697954.00,14850,683104,236.00,225.00,461.00,225,236,0.00,0.00,0,0
1512034904,total,2372766.00,2374084.00,4746850.00,2374084,2372766,1573.00,1570.00,3143.00,1570,1573,0.00,0.00,0,0
1512034905,s1-eth3,1223970.00,26664.00,1250634.00,26664,1223970,423.00,404.00,827.00,404,423,0.00,0.00,0,0
1512034905,s2-eth3,8778.00,405992.00,414770.00,405992,8778,133.00,140.00,273.00,140,133,0.00,0.00,0,0
1512034905,ens33,0.00,0.00,0.00,0,0,0.00,0.00,0.00,0,0,0.00,0.00,0,0
1512034905,s1-eth1,11022.00,508214.00,519236.00,508214,11022,167.00,175.00,342.00,175,167,0.00,0.00,0,0
1512034905,s3-eth1,8778.00,405992.00,414770.00,405992,8778,133.00,140.00,273.00,140,133,0.00,0.00,0,0
1512034905,s2-eth1,6864.00,315618.00,322482.00,315618,6864,104.00,109.00,213.00,109,104,0.00,0.00,0,0
1512034905,lo,0.00,0.00,0.00,0,0,0.00,0.00,0.00,0,0,0.00,0.00,0,0
1512034905,s1-eth2,15642.00,721610.00,737252.00,721610,15642,237.00,249.00,486.00,249,237,0.00,0.00,0,0
1512034905,s3-eth2,405992.00,8778.00,414770.00,8778,405992,140.00,133.00,273.00,133,140,0.00,0.00,0,0
1512034905,s2-eth2,721610.00,15642.00,737252.00,15642,721610,249.00,237.00,486.00,237,249,0.00,0.00,0,0
1512034905,total,2402656.00,2408510.00,4811166.00,2408510,2402656,1586.00,1587.00,3173.00,1587,1586,0.00,0.00,0,0
1512034906,s1-eth3,1223900.00,26800.00,1250700.00,26800,1223900,422.00,406.00,828.00,406,422,0.00,0.00,0,0
1512034906,s2-eth3,10968.00,493404.00,504372.00,493404,10968,166.00,170.00,336.00,170,166,0.00,0.00,0,0
1512034906,ens33,0.00,0.00,0.00,0,0,0.00,0.00,0.00,0,0,0.00,0.00,0,0
1512034906,s1-eth1,9706.00,443050.00,452756.00,443050,9706,147.00,153.00,300.00,153,147,0.00,0.00,0,0
1512034906,s3-eth1,10968.00,493404.00,504372.00,493404,10968,166.00,170.00,336.00,170,166,0.00,0.00,0,0
1512034906,s2-eth1,6476.00,291922.00,298398.00,291922,6476,98.00,101.00,199.00,101,98,0.00,0.00,0,0
1512034906,lo,1608.00,1608.00,3216.00,1608,1608,18.00,18.00,36.00,18,18,0.00,0.00,0,0
1512034906,s1-eth2,17234.00,785326.00,802560.00,785326,17234,261.00,271.00,532.00,271,261,0.00,0.00,0,0
1512034906,s3-eth2,493404.00,10968.00,504372.00,10968,493404,170.00,166.00,336.00,166,170,0.00,0.00,0,0
1512034906,s2-eth2,785326.00,17234.00,802560.00,17234,785326,271.00,261.00,532.00,261,271,0.00,0.00,0,0
1512034906,total,2559590.00,2563716.00,5123306.00,2563716,2559590,1719.00,1716.00,3435.00,1716,1719,0.00,0.00,0,0
1512034907,s1-eth3,1223966.00,26664.00,1250630.00,26664,1223966,423.00,404.00,827.00,404,423,0.00,0.00,0,0
1512034907,s2-eth3,9178.00,420802.00,429980.00,420802,9178,139.00,145.00,284.00,145,139,0.00,0.00,0,0
1512034907,ens33,0.00,0.00,0.00,0,0,0.00,0.00,0.00,0,0,0.00,0.00,0,0
1512034907,s1-eth1,11888.00,537900.00,549788.00,537900,11888,180.00,186.00,366.00,186,180,0.00,0.00,0,0
1512034907,s3-eth1,9178.00,420802.00,429980.00,420802,9178,139.00,145.00,284.00,145,139,0.00,0.00,0,0
1512034907,s2-eth1,5808.00,266782.00,272590.00,266782,5808,88.00,93.00,181.00,93,88,0.00,0.00,0,0
1512034907,lo,1072.00,1072.00,2144.00,1072,1072,12.00,12.00,24.00,12,12,0.00,0.00,0,0
1512034907,s1-eth2,14916.00,687654.00,702570.00,687654,14916,226.00,239.00,465.00,239,226,0.00,0.00,0,0
1512034907,s3-eth2,420802.00,9178.00,429980.00,9178,420802,145.00,139.00,284.00,139,145,0.00,0.00,0,0
1512034907,s2-eth2,687654.00,14916.00,702570.00,14916,687654,239.00,226.00,465.00,226,239,0.00,0.00,0,0
1512034907,total,2384462.00,2385770.00,4770232.00,2385770,2384462,1591.00,1589.00,3180.00,1589,1591,0.00,0.00,0,0
1512034908,s1-eth3,1225348.00,26730.00,1252078.00,26730,1225348,422.00,405.00,827.00,405,422,0.00,0.00,0,0
1512034908,s2-eth3,8646.00,397106.00,405752.00,397106,8646,131.00,137.00,268.00,137,131,0.00,0.00,0,0
1512034908,ens33,0.00,0.00,0.00,0,0,0.00,0.00,0.00,0,0,0.00,0.00,0,0
1512034908,s1-eth1,11154.00,511176.00,522330.00,511176,11154,169.00,176.00,345.00,176,169,0.00,0.00,0,0
1512034908,s3-eth1,8646.00,397106.00,405752.00,397106,8646,131.00,137.00,268.00,137,131,0.00,0.00,0,0
1512034908,s2-eth1,6930.00,320028.00,326958.00,320028,6930,105.00,110.00,215.00,110,105,0.00,0.00,0,0
1512034908,lo,0.00,0.00,0.00,0,0,0.00,0.00,0.00,0,0,0.00,0.00,0,0
1512034908,s1-eth2,15576.00,717134.00,732710.00,717134,15576,236.00,247.00,483.00,247,236,0.00,0.00,0,0
1512034908,s3-eth2,397106.00,8646.00,405752.00,8646,397106,137.00,131.00,268.00,131,137,0.00,0.00,0,0
1512034908,s2-eth2,717134.00,15576.00,732710.00,15576,717134,247.00,236.00,483.00,236,247,0.00,0.00,0,0
1512034908,total,2390540.00,2393502.00,4784042.00,2393502,2390540,1578.00,1579.00,3157.00,1579,1578,0.00,0.00,0,0
1512034909,s1-eth3,1224110.00,26730.00,1250840.00,26730,1224110,425.00,405.00,830.00,405,425,0.00,0.00,0,0
1512034909,s2-eth3,10931.00,497950.00,508881.00,497950,10931,165.00,173.00,338.00,173,165,0.00,0.00,0,0
1512034909,ens33,0.00,0.00,0.00,0,0,0.00,0.00,0.00,0,0,0.00,0.00,0,0
1512034909,s1-eth1,9788.00,438574.00,448362.00,438574,9788,147.00,151.00,298.00,151,147,0.00,0.00,0,0
1512034909,s3-eth1,11108.00,497880.00,508988.00,497880,11108,167.00,172.00,339.00,172,167,0.00,0.00,0,0
1512034909,s2-eth1,6756.00,291922.00,298678.00,291922,6756,101.00,101.00,202.00,101,101,0.00,0.00,0,0
1512034909,lo,1451.00,1451.00,2902.00,1451,1451,15.00,15.00,30.00,15,15,0.00,0.00,0,0
1512034909,s1-eth2,17333.00,789979.00,807312.00,789979,17333,262.00,275.00,537.00,275,262,0.00,0.00,0,0
1512034909,s3-eth2,497950.00,10931.00,508881.00,10931,497950,173.00,165.00,338.00,165,173,0.00,0.00,0,0
1512034909,s2-eth2,789979.00,17333.00,807312.00,17333,789979,275.00,262.00,537.00,262,275,0.00,0.00,0,0
1512034909,total,2569406.00,2572750.00,5142156.00,2572750,2569406,1730.00,1719.00,3449.00,1719,1730,0.00,0.00,0,0
1512034910,s1-eth3,1225414.00,26598.00,1252012.00,26598,1225414,423.00,403.00,826.00,403,423,0.00,0.00,0,0
1512034910,s2-eth3,9281.00,420909.00,430190.00,420909,9281,140.00,146.00,286.00,146,140,0.00,0.00,0,0
1512034910,ens33,0.00,0.00,0.00,0,0,0.00,0.00,0.00,0,0,0.00,0.00,0,0
1512034910,s1-eth1,11723.00,533424.00,545147.00,533424,11723,177.00,184.00,361.00,184,177,0.00,0.00,0,0
1512034910,s3-eth1,9281.00,420802.00,430083.00,420802,9281,140.00,145.00,285.00,145,140,0.00,0.00,0,0
1512034910,s2-eth1,5915.00,269674.00,275589.00,269674,5915,89.00,93.00,182.00,93,89,0.00,0.00,0,0
1512034910,lo,915.00,915.00,1830.00,915,915,9.00,9.00,18.00,9,9,0.00,0.00,0,0
1512034910,s1-eth2,14982.00,690583.00,705565.00,690583,14982,227.00,239.00,466.00,239,227,0.00,0.00,0,0
1512034910,s3-eth2,420909.00,9281.00,430190.00,9281,420909,146.00,140.00,286.00,140,146,0.00,0.00,0,0
1512034910,s2-eth2,690583.00,14982.00,705565.00,14982,690583,239.00,227.00,466.00,227,239,0.00,0.00,0,0
1512034910,total,2389003.00,2387168.00,4776171.00,2387168,2389003,1590.00,1586.00,3176.00,1586,1590,0.00,0.00,0,0
1512034911,s1-eth3,1224291.00,26664.00,1250955.00,26664,1224291,426.00,404.00,830.00,404,426,0.00,0.00,0,0
1512034911,s2-eth3,8646.00,400138.00,408784.00,400138,8646,131.00,139.00,270.00,139,131,0.00,0.00,0,0
1512034911,ens33,0.00,0.00,0.00,0,0,0.00,0.00,0.00,0,0,0.00,0.00,0,0
1512034911,s1-eth1,11158.00,509728.00,520886.00,509728,11158,169.00,176.00,345.00,176,169,0.00,0.00,0,0
1512034911,s3-eth1,8646.00,400138.00,408784.00,400138,8646,131.00,139.00,270.00,139,131,0.00,0.00,0,0
1512034911,s2-eth1,7000.00,315618.00,322618.00,315618,7000,106.00,109.00,215.00,109,106,0.00,0.00,0,0
1512034911,lo,804.00,804.00,1608.00,804,804,9.00,9.00,18.00,9,9,0.00,0.00,0,0
1512034911,s1-eth2,15576.00,715756.00,731332.00,715756,15576,236.00,248.00,484.00,248,236,0.00,0.00,0,0
1512034911,s3-eth2,400138.00,8646.00,408784.00,8646,400138,139.00,131.00,270.00,131,139,0.00,0.00,0,0
1512034911,s2-eth2,715756.00,15576.00,731332.00,15576,715756,248.00,236.00,484.00,236,248,0.00,0.00,0,0
1512034911,total,2392015.00,2393068.00,4785083.00,2393068,2392015,1595.00,1591.00,3186.00,1591,1595,0.00,0.00,0,0
1512034912,s1-eth3,1223900.00,26730.00,1250630.00,26730,1223900,422.00,405.00,827.00,405,422,0.00,0.00,0,0
1512034912,s2-eth3,10758.00,494918.00,505676.00,494918,10758,163.00,171.00,334.00,171,163,0.00,0.00,0,0
1512034912,ens33,0.00,0.00,0.00,0,0,0.00,0.00,0.00,0,0,0.00,0.00,0,0
1512034912,s1-eth1,9570.00,441536.00,451106.00,441536,9570,145.00,152.00,297.00,152,145,0.00,0.00,0,0
1512034912,s3-eth1,10758.00,494918.00,505676.00,494918,10758,163.00,171.00,334.00,171,163,0.00,0.00,0,0
1512034912,s2-eth1,6402.00,296332.00,302734.00,296332,6402,97.00,102.00,199.00,102,97,0.00,0.00,0,0
1512034912,lo,0.00,0.00,0.00,0,0,0.00,0.00,0.00,0,0,0.00,0.00,0,0
1512034912,s1-eth2,17160.00,791250.00,808410.00,791250,17160,260.00,273.00,533.00,273,260,0.00,0.00,0,0
1512034912,s3-eth2,494918.00,10758.00,505676.00,10758,494918,171.00,163.00,334.00,163,171,0.00,0.00,0,0
1512034912,s2-eth2,791250.00,17160.00,808410.00,17160,791250,273.00,260.00,533.00,260,273,0.00,0.00,0,0
1512034912,total,2564716.00,2573602.00,5138318.00,2573602,2564716,1694.00,1697.00,3391.00,1697,1694,0.00,0.00,0,0
1512034913,s1-eth3,1223970.00,26664.00,1250634.00,26664,1223970,423.00,404.00,827.00,404,423,0.00,0.00,0,0
1512034913,s2-eth3,8976.00,411916.00,420892.00,411916,8976,136.00,142.00,278.00,142,136,0.00,0.00,0,0
1512034913,ens33,0.00,0.00,0.00,0,0,0.00,0.00,0.00,0,0,0.00,0.00,0,0
1512034913,s1-eth1,11814.00,540862.00,552676.00,540862,11814,179.00,187.00,366.00,187,179,0.00,0.00,0,0
1512034913,s3-eth1,8976.00,411916.00,420892.00,411916,8976,136.00,142.00,278.00,142,136,0.00,0.00,0,0
1512034913,s2-eth1,5874.00,269674.00,275548.00,269674,5874,89.00,93.00,182.00,93,89,0.00,0.00,0,0
1512034913,lo,0.00,0.00,0.00,0,0,0.00,0.00,0.00,0,0,0.00,0.00,0,0
1512034913,s1-eth2,14850.00,678628.00,693478.00,678628,14850,225.00,234.00,459.00,234,225,0.00,0.00,0,0
1512034913,s3-eth2,411916.00,8976.00,420892.00,8976,411916,142.00,136.00,278.00,136,142,0.00,0.00,0,0
1512034913,s2-eth2,678628.00,14850.00,693478.00,14850,678628,234.00,225.00,459.00,225,234,0.00,0.00,0,0
1512034913,total,2365004.00,2363486.00,4728490.00,2363486,2365004,1564.00,1563.00,3127.00,1563,1564,0.00,0.00,0,0
1512034914,s1-eth3,1222452.00,26598.00,1249050.00,26598,1222452,422.00,403.00,825.00,403,422,0.00,0.00,0,0
1512034914,s2-eth3,8910.00,411916.00,420826.00,411916,8910,135.00,142.00,277.00,142,135,0.00,0.00,0,0
1512034914,ens33,0.00,0.00,0.00,0,0,0.00,0.00,0.00,0,0,0.00,0.00,0,0
1512034914,s1-eth1,10956.00,505252.00,516208.00,505252,10956,166.00,174.00,340.00,174,166,0.00,0.00,0,0
1512034914,s3-eth1,8910.00,411916.00,420826.00,411916,8910,135.00,142.00,277.00,142,135,0.00,0.00,0,0
1512034914,s2-eth1,6732.00,309694.00,316426.00,309694,6732,102.00,107.00,209.00,107,102,0.00,0.00,0,0
1512034914,lo,0.00,0.00,0.00,0,0,0.00,0.00,0.00,0,0,0.00,0.00,0,0
1512034914,s1-eth2,15642.00,724572.00,740214.00,724572,15642,237.00,250.00,487.00,250,237,0.00,0.00,0,0
1512034914,s3-eth2,411916.00,8910.00,420826.00,8910,411916,142.00,135.00,277.00,135,142,0.00,0.00,0,0
1512034914,s2-eth2,724572.00,15642.00,740214.00,15642,724572,250.00,237.00,487.00,237,250,0.00,0.00,0,0
1512034914,total,2410090.00,2414500.00,4824590.00,2414500,2410090,1589.00,1590.00,3179.00,1590,1589,0.00,0.00,0,0
1512034915,s1-eth3,1225348.00,26730.00,1252078.00,26730,1225348,422.00,405.00,827.00,405,422,0.00,0.00,0,0
1512034915,s2-eth3,10824.00,496366.00,507190.00,496366,10824,164.00,171.00,335.00,171,164,0.00,0.00,0,0
1512034915,ens33,0.00,0.00,0.00,0,0,0.00,0.00,0.00,0,0,0.00,0.00,0,0
1512034915,s1-eth1,9504.00,437126.00,446630.00,437126,9504,144.00,151.00,295.00,151,144,0.00,0.00,0,0
1512034915,s3-eth1,10824.00,496366.00,507190.00,496366,10824,164.00,171.00,335.00,171,164,0.00,0.00,0,0
1512034915,s2-eth1,6402.00,296332.00,302734.00,296332,6402,97.00,102.00,199.00,102,97,0.00,0.00,0,0
1512034915,lo,516.00,516.00,1032.00,516,516,9.00,9.00,18.00,9,9,0.00,0.00,0,0
1512034915,s1-eth2,17226.00,792698.00,809924.00,792698,17226,261.00,273.00,534.00,273,261,0.00,0.00,0,0
1512034915,s3-eth2,496366.00,10824.00,507190.00,10824,496366,171.00,164.00,335.00,164,171,0.00,0.00,0,0
1512034915,s2-eth2,792698.00,17226.00,809924.00,17226,792698,273.00,261.00,534.00,261,273,0.00,0.00,0,0
1512034915,total,2569708.00,2574184.00,5143892.00,2574184,2569708,1705.00,1707.00,3412.00,1707,1705,0.00,0.00,0,0
1512034916,s1-eth3,1223966.00,26598.00,1250564.00,26598,1223966,423.00,403.00,826.00,403,423,0.00,0.00,0,0
1512034916,s2-eth3,8448.00,388220.00,396668.00,388220,8448,128.00,134.00,262.00,134,128,0.00,0.00,0,0
1512034916,ens33,0.00,0.00,0.00,0,0,0.00,0.00,0.00,0,0,0.00,0.00,0,0
1512034916,s1-eth1,12012.00,554158.00,566170.00,554158,12012,182.00,191.00,373.00,191,182,0.00,0.00,0,0
1512034916,s3-eth1,8448.00,388220.00,396668.00,388220,8448,128.00,134.00,262.00,134,128,0.00,0.00,0,0
1512034916,s2-eth1,6138.00,284484.00,290622.00,284484,6138,93.00,98.00,191.00,98,93,0.00,0.00,0,0
1512034916,lo,0.00,0.00,0.00,0,0,0.00,0.00,0.00,0,0,0.00,0.00,0,0
1512034916,s1-eth2,14586.00,666780.00,681366.00,666780,14586,221.00,230.00,451.00,230,221,0.00,0.00,0,0
1512034916,s3-eth2,388220.00,8448.00,396668.00,8448,388220,134.00,128.00,262.00,128,134,0.00,0.00,0,0
1512034916,s2-eth2,666780.00,14586.00,681366.00,14586,666780,230.00,221.00,451.00,221,230,0.00,0.00,0,0
1512034916,total,2328598.00,2331494.00,4660092.00,2331494,2328598,1539.00,1539.00,3078.00,1539,1539,0.00,0.00,0,0
1512034917,s1-eth3,1223900.00,26664.00,1250564.00,26664,1223900,422.00,404.00,826.00,404,422,0.00,0.00,0,0
1512034917,s2-eth3,9306.00,431202.00,440508.00,431202,9306,141.00,149.00,290.00,149,141,0.00,0.00,0,0
1512034917,ens33,0.00,0.00,0.00,0,0,0.00,0.00,0.00,0,0,0.00,0.00,0,0
1512034917,s1-eth1,10758.00,493404.00,504162.00,493404,10758,163.00,170.00,333.00,170,163,0.00,0.00,0,0
1512034917,s3-eth1,9306.00,431202.00,440508.00,431202,9306,141.00,149.00,290.00,149,141,0.00,0.00,0,0
1512034917,s2-eth1,6600.00,300808.00,307408.00,300808,6600,100.00,104.00,204.00,104,100,0.00,0.00,0,0
1512034917,lo,0.00,0.00,0.00,0,0,0.00,0.00,0.00,0,0,0.00,0.00,0,0
1512034917,s1-eth2,15906.00,737934.00,753840.00,737934,15906,241.00,255.00,496.00,255,241,0.00,0.00,0,0
1512034917,s3-eth2,431202.00,9306.00,440508.00,9306,431202,149.00,141.00,290.00,141,149,0.00,0.00,0,0
1512034917,s2-eth2,737934.00,15906.00,753840.00,15906,737934,255.00,241.00,496.00,241,255,0.00,0.00,0,0
1512034917,total,2444912.00,2446426.00,4891338.00,2446426,2444912,1612.00,1613.00,3225.00,1613,1612,0.00,0.00,0,0
1512034918,s1-eth3,1222452.00,26598.00,1249050.00,26598,1222452,422.00,403.00,825.00,403,422,0.00,0.00,0,0
1512034918,s2-eth3,10692.00,490442.00,501134.00,490442,10692,162.00,169.00,331.00,169,162,0.00,0.00,0,0
1512034918,ens33,0.00,0.00,0.00,0,0,0.00,0.00,0.00,0,0,0.00,0.00,0,0
1512034918,s1-eth1,9372.00,434164.00,443536.00,434164,9372,142.00,150.00,292.00,150,142,0.00,0.00,0,0
1512034918,s3-eth1,10692.00,490442.00,501134.00,490442,10692,162.00,169.00,331.00,169,162,0.00,0.00,0,0
1512034918,s2-eth1,6534.00,302256.00,308790.00,302256,6534,99.00,104.00,203.00,104,99,0.00,0.00,0,0
1512034918,lo,0.00,0.00,0.00,0,0,0.00,0.00,0.00,0,0,0.00,0.00,0,0
1512034918,s1-eth2,17226.00,792698.00,809924.00,792698,17226,261.00,273.00,534.00,273,261,0.00,0.00,0,0
1512034918,s3-eth2,490442.00,10692.00,501134.00,10692,490442,169.00,162.00,331.00,162,169,0.00,0.00,0,0
1512034918,s2-eth2,792698.00,17226.00,809924.00,17226,792698,273.00,261.00,534.00,261,273,0.00,0.00,0,0
1512034918,total,2560108.00,2564518.00,5124626.00,2564518,2560108,1690.00,1691.00,3381.00,1691,1690,0.00,0.00,0,0
1512034919,s1-eth3,1223900.00,26664.00,1250564.00,26664,1223900,422.00,404.00,826.00,404,422,0.00,0.00,0,0
1512034919,s2-eth3,7920.00,364524.00,372444.00,364524,7920,120.00,126.00,246.00,126,120,0.00,0.00,0,0
1512034919,ens33,0.00,0.00,0.00,0,0,0.00,0.00,0.00,0,0,0.00,0.00,0,0
1512034919,s1-eth1,12606.00,576406.00,589012.00,576406,12606,191.00,199.00,390.00,199,191,0.00,0.00,0,0
1512034919,s3-eth1,7920.00,364524.00,372444.00,364524,7920,120.00,126.00,246.00,126,120,0.00,0.00,0,0
1512034919,s2-eth1,6138.00,283036.00,289174.00,283036,6138,93.00,98.00,191.00,98,93,0.00,0.00,0,0
1512034919,lo,0.00,0.00,0.00,0,0,0.00,0.00,0.00,0,0,0.00,0.00,0,0
1512034919,s1-eth2,14058.00,647560.00,661618.00,647560,14058,213.00,224.00,437.00,224,213,0.00,0.00,0,0
1512034919,s3-eth2,364524.00,7920.00,372444.00,7920,364524,126.00,120.00,246.00,120,126,0.00,0.00,0,0
1512034919,s2-eth2,647560.00,14058.00,661618.00,14058,647560,224.00,213.00,437.00,213,224,0.00,0.00,0,0
1512034919,total,2284626.00,2284692.00,4569318.00,2284692,2284626,1509.00,1510.00,3019.00,1510,1509,0.00,0.00,0,0
1512034920,s1-eth3,1223900.00,26664.00,1250564.00,26664,1223900,422.00,404.00,826.00,404,422,0.00,0.00,0,0
1512034920,s2-eth3,10230.00,472670.00,482900.00,472670,10230,155.00,163.00,318.00,163,155,0.00,0.00,0,0
1512034920,ens33,0.00,0.00,0.00,0,0,0.00,0.00,0.00,0,0,0.00,0.00,0,0
1512034920,s1-eth1,10032.00,462270.00,472302.00,462270,10032,152.00,159.00,311.00,159,152,0.00,0.00,0,0
1512034920,s3-eth1,10230.00,472670.00,482900.00,472670,10230,155.00,163.00,318.00,163,155,0.00,0.00,0,0
1512034920,s2-eth1,6402.00,293370.00,299772.00,293370,6402,97.00,101.00,198.00,101,97,0.00,0.00,0,0
1512034920,lo,516.00,516.00,1032.00,516,516,9.00,9.00,18.00,9,9,0.00,0.00,0,0
1512034920,s1-eth2,16632.00,766040.00,782672.00,766040,16632,252.00,264.00,516.00,264,252,0.00,0.00,0,0
1512034920,s3-eth2,472670.00,10230.00,482900.00,10230,472670,163.00,155.00,318.00,155,163,0.00,0.00,0,0
1512034920,s2-eth2,766040.00,16632.00,782672.00,16632,766040,264.00,252.00,516.00,252,264,0.00,0.00,0,0
1512034920,total,2516652.00,2521062.00,5037714.00,2521062,2516652,1669.00,1670.00,3339.00,1670,1669,0.00,0.00,0,0
1512034921,s1-eth3,1225414.00,26730.00,1252144.00,26730,1225414,423.00,405.00,828.00,405,423,0.00,0.00,0,0
1512034921,s2-eth3,10296.00,472670.00,482966.00,472670,10296,156.00,163.00,319.00,163,156,0.00,0.00,0,0
1512034921,ens33,0.00,0.00,0.00,0,0,0.00,0.00,0.00,0,0,0.00,0.00,0,0
1512034921,s1-eth1,9504.00,437126.00,446630.00,437126,9504,144.00,151.00,295.00,151,144,0.00,0.00,0,0
1512034921,s3-eth1,10296.00,472670.00,482966.00,472670,10296,156.00,163.00,319.00,163,156,0.00,0.00,0,0
1512034921,s2-eth1,6930.00,321542.00,328472.00,321542,6930,105.00,111.00,216.00,111,105,0.00,0.00,0,0
1512034921,lo,0.00,0.00,0.00,0,0,0.00,0.00,0.00,0,0,0.00,0.00,0,0
1512034921,s1-eth2,17226.00,794212.00,811438.00,794212,17226,261.00,274.00,535.00,274,261,0.00,0.00,0,0
1512034921,s3-eth2,472670.00,10296.00,482966.00,10296,472670,163.00,156.00,319.00,156,163,0.00,0.00,0,0
1512034921,s2-eth2,794212.00,17226.00,811438.00,17226,794212,274.00,261.00,535.00,261,274,0.00,0.00,0,0
1512034921,total,2546548.00,2552472.00,5099020.00,2552472,2546548,1682.00,1684.00,3366.00,1684,1682,0.00,0.00,0,0
1512034922,s1-eth3,1223900.00,26664.00,1250564.00,26664,1223900,422.00,404.00,826.00,404,422,0.00,0.00,0,0
1512034922,s2-eth3,7854.00,360048.00,367902.00,360048,7854,119.00,124.00,243.00,124,119,0.00,0.00,0,0
1512034922,ens33,0.00,0.00,0.00,0,0,0.00,0.00,0.00,0,0,0.00,0.00,0,0
1512034922,s1-eth1,12936.00,594178.00,607114.00,594178,12936,196.00,205.00,401.00,205,196,0.00,0.00,0,0
1512034922,s3-eth1,7854.00,360048.00,367902.00,360048,7854,119.00,124.00,243.00,124,119,0.00,0.00,0,0
1512034922,s2-eth1,5874.00,269674.00,275548.00,269674,5874,89.00,93.00,182.00,93,89,0.00,0.00,0,0
1512034922,lo,0.00,0.00,0.00,0,0,0.00,0.00,0.00,0,0,0.00,0.00,0,0
1512034922,s1-eth2,13728.00,629722.00,643450.00,629722,13728,208.00,217.00,425.00,217,208,0.00,0.00,0,0
1512034922,s3-eth2,360048.00,7854.00,367902.00,7854,360048,124.00,119.00,243.00,119,124,0.00,0.00,0,0
1512034922,s2-eth2,629722.00,13728.00,643450.00,13728,629722,217.00,208.00,425.00,208,217,0.00,0.00,0,0
1512034922,total,2261916.00,2261916.00,4523832.00,2261916,2261916,1494.00,1494.00,2988.00,1494,1494,0.00,0.00,0,0
1512034923,s1-eth3,1222677.38,26703.30,1249380.62,26730,1223900,421.58,404.60,826.17,405,422,0.00,0.00,0,0
1512034923,s2-eth3,10351.65,478115.91,488467.53,478594,10362,156.84,164.84,321.68,165,157,0.00,0.00,0,0
1512034923,ens33,0.00,0.00,0.00,0,0,0.00,0.00,0.00,0,0,0.00,0.00,0,0
1512034923,s1-eth1,9758.24,445566.44,455324.69,446012,9768,147.85,153.85,301.70,154,148,0.00,0.00,0,0
1512034923,s3-eth1,10351.65,478115.91,488467.53,478594,10362,156.84,164.84,321.68,165,157,0.00,0.00,0,0
1512034923,s2-eth1,6593.41,304913.09,311506.50,305218,6600,99.90,104.90,204.80,105,100,0.00,0.00,0,0
1512034923,lo,0.00,0.00,0.00,0,0,0.00,0.00,0.00,0,0,0.00,0.00,0,0
1512034923,s1-eth2,16945.05,783029.00,799974.06,783812,16962,256.74,269.73,526.47,270,257,0.00,0.00,0,0
1512034923,s3-eth2,478115.91,10351.65,488467.53,10362,478594,164.84,156.84,321.68,157,165,0.00,0.00,0,0
1512034923,s2-eth2,783029.00,16945.05,799974.06,16962,783812,269.73,256.74,526.47,257,270,0.00,0.00,0,0
1512034923,total,2537822.25,2543740.25,5081562.50,2546284,2540360,1674.33,1676.32,3350.65,1678,1676,0.00,0.00,0,0
1512034924,s1-eth3,1225414.00,26664.00,1252078.00,26664,1225414,423.00,404.00,827.00,404,423,0.00,0.00,0,0
1512034924,s2-eth3,10956.00,503804.00,514760.00,503804,10956,166.00,174.00,340.00,174,166,0.00,0.00,0,0
1512034924,ens33,0.00,0.00,0.00,0,0,0.00,0.00,0.00,0,0,0.00,0.00,0,0
1512034924,s1-eth1,9240.00,426726.00,435966.00,426726,9240,140.00,147.00,287.00,147,140,0.00,0.00,0,0
1512034924,s3-eth1,10956.00,503804.00,514760.00,503804,10956,166.00,174.00,340.00,174,166,0.00,0.00,0,0
1512034924,s2-eth1,6468.00,294884.00,301352.00,294884,6468,98.00,102.00,200.00,102,98,0.00,0.00,0,0
1512034924,lo,0.00,0.00,0.00,0,0,0.00,0.00,0.00,0,0,0.00,0.00,0,0
1512034924,s1-eth2,17424.00,798688.00,816112.00,798688,17424,264.00,276.00,540.00,276,264,0.00,0.00,0,0
1512034924,s3-eth2,503804.00,10956.00,514760.00,10956,503804,174.00,166.00,340.00,166,174,0.00,0.00,0,0
1512034924,s2-eth2,798688.00,17424.00,816112.00,17424,798688,276.00,264.00,540.00,264,276,0.00,0.00,0,0
1512034924,total,2582950.00,2582950.00,5165900.00,2582950,2582950,1707.00,1707.00,3414.00,1707,1707,0.00,0.00,0,0
1512034925,s1-eth3,1223900.00,26730.00,1250630.00,26730,1223900,422.00,405.00,827.00,405,422,0.00,0.00,0,0
1512034925,s2-eth3,7326.00,336352.00,343678.00,336352,7326,111.00,116.00,227.00,116,111,0.00,0.00,0,0
1512034925,ens33,0.00,0.00,0.00,0,0,0.00,0.00,0.00,0,0,0.00,0.00,0,0
1512034925,s1-eth1,13068.00,600102.00,613170.00,600102,13068,198.00,207.00,405.00,207,198,0.00,0.00,0,0
1512034925,s3-eth1,7326.00,336352.00,343678.00,336352,7326,111.00,116.00,227.00,116,111,0.00,0.00,0,0
1512034925,s2-eth1,6336.00,291922.00,298258.00,291922,6336,96.00,101.00,197.00,101,96,0.00,0.00,0,0
1512034925,lo,516.00,516.00,1032.00,516,516,9.00,9.00,18.00,9,9,0.00,0.00,0,0
1512034925,s1-eth2,13662.00,628274.00,641936.00,628274,13662,207.00,217.00,424.00,217,207,0.00,0.00,0,0
1512034925,s3-eth2,336352.00,7326.00,343678.00,7326,336352,116.00,111.00,227.00,111,116,0.00,0.00,0,0
1512034925,s2-eth2,628274.00,13662.00,641936.00,13662,628274,217.00,207.00,424.00,207,217,0.00,0.00,0,0
1512034925,total,2236760.00,2241236.00,4477996.00,2241236,2236760,1487.00,1489.00,2976.00,1489,1487,0.00,0.00,0,0
1512034926,s1-eth3,1223900.00,26730.00,1250630.00,26730,1223900,422.00,405.00,827.00,405,422,0.00,0.00,0,0
1512034926,s2-eth3,10494.00,484518.00,495012.00,484518,10494,159.00,167.00,326.00,167,159,0.00,0.00,0,0
1512034926,ens33,0.00,0.00,0.00,0,0,0.00,0.00,0.00,0,0,0.00,0.00,0,0
1512034926,s1-eth1,9702.00,446012.00,455714.00,446012,9702,147.00,154.00,301.00,154,147,0.00,0.00,0,0
1512034926,s3-eth1,10494.00,484518.00,495012.00,484518,10494,159.00,167.00,326.00,167,159,0.00,0.00,0,0
1512034926,s2-eth1,6534.00,296332.00,302866.00,296332,6534,99.00,102.00,201.00,102,99,0.00,0.00,0,0
1512034926,lo,0.00,0.00,0.00,0,0,0.00,0.00,0.00,0,0,0.00,0.00,0,0
1512034926,s1-eth2,17028.00,780850.00,797878.00,780850,17028,258.00,269.00,527.00,269,258,0.00,0.00,0,0
1512034926,s3-eth2,484518.00,10494.00,495012.00,10494,484518,167.00,159.00,326.00,159,167,0.00,0.00,0,0
1512034926,s2-eth2,780850.00,17028.00,797878.00,17028,780850,269.00,258.00,527.00,258,269,0.00,0.00,0,0
1512034926,total,2543520.00,2546482.00,5090002.00,2546482,2543520,1680.00,1681.00,3361.00,1681,1680,0.00,0.00,0,0
1512034927,s1-eth3,1225414.00,26790.00,1252204.00,26790,1225414,423.00,407.00,830.00,407,423,0.00,0.00,0,0
1512034927,s2-eth3,11262.00,515694.00,526956.00,515694,11262,171.00,179.00,350.00,179,171,0.00,0.00,0,0
1512034927,ens33,0.00,0.00,0.00,0,0,0.00,0.00,0.00,0,0,0.00,0.00,0,0
1512034927,s1-eth1,9546.00,438616.00,448162.00,438616,9546,145.00,152.00,297.00,152,145,0.00,0.00,0,0
1512034927,s3-eth1,11262.00,515694.00,526956.00,515694,11262,171.00,179.00,350.00,179,171,0.00,0.00,0,0
1512034927,s2-eth1,5982.00,275640.00,281622.00,275640,5982,91.00,96.00,187.00,96,91,0.00,0.00,0,0
1512034927,lo,0.00,0.00,0.00,0,0,0.00,0.00,0.00,0,0,0.00,0.00,0,0
1512034927,s1-eth2,17244.00,791334.00,808578.00,791334,17244,262.00,275.00,537.00,275,262,0.00,0.00,0,0
1512034927,s3-eth2,515694.00,11262.00,526956.00,11262,515694,179.00,171.00,350.00,171,179,0.00,0.00,0,0
1512034927,s2-eth2,791334.00,17244.00,808578.00,17244,791334,275.00,262.00,537.00,262,275,0.00,0.00,0,0
1512034927,total,2587738.00,2592274.00,5180012.00,2592274,2587738,1717.00,1721.00,3438.00,1721,1717,0.00,0.00,0,0
1512034928,s1-eth3,1224026.00,26790.00,1250816.00,26790,1224026,425.00,407.00,832.00,407,425,0.00,0.00,0,0
1512034928,s2-eth3,6774.00,309736.00,316510.00,309736,6774,103.00,108.00,211.00,108,103,0.00,0.00,0,0
1512034928,ens33,0.00,0.00,0.00,0,0,0.00,0.00,0.00,0,0,0.00,0.00,0,0
1512034928,s1-eth1,12780.00,582372.00,595152.00,582372,12780,194.00,202.00,396.00,202,194,0.00,0.00,0,0
1512034928,s3-eth1,6774.00,309736.00,316510.00,309736,6774,103.00,108.00,211.00,108,103,0.00,0.00,0,0
1512034928,s2-eth1,7236.00,330470.00,337706.00,330470,7236,110.00,115.00,225.00,115,110,0.00,0.00,0,0
1512034928,lo,0.00,0.00,0.00,0,0,0.00,0.00,0.00,0,0,0.00,0.00,0,0
1512034928,s1-eth2,14010.00,640206.00,654216.00,640206,14010,213.00,223.00,436.00,223,213,0.00,0.00,0,0
1512034928,s3-eth2,309736.00,6774.00,316510.00,6774,309736,108.00,103.00,211.00,103,108,0.00,0.00,0,0
1512034928,s2-eth2,640206.00,14010.00,654216.00,14010,640206,223.00,213.00,436.00,213,223,0.00,0.00,0,0
1512034928,total,2221542.00,2220094.00,4441636.00,2220094,2221542,1479.00,1479.00,2958.00,1479,1479,0.00,0.00,0,0
1512034929,s1-eth3,1224026.00,26664.00,1250690.00,26664,1224026,425.00,404.00,829.00,404,425,0.00,0.00,0,0
1512034929,s2-eth3,10956.00,505252.00,516208.00,505252,10956,166.00,174.00,340.00,174,166,0.00,0.00,0,0
1512034929,ens33,0.00,0.00,0.00,0,0,0.00,0.00,0.00,0,0,0.00,0.00,0,0
1512034929,s1-eth1,9702.00,448974.00,458676.00,448974,9702,147.00,155.00,302.00,155,147,0.00,0.00,0,0
1512034929,s3-eth1,10956.00,505252.00,516208.00,505252,10956,166.00,174.00,340.00,174,166,0.00,0.00,0,0
1512034929,s2-eth1,6006.00,275598.00,281604.00,275598,6006,91.00,95.00,186.00,95,91,0.00,0.00,0,0
1512034929,lo,0.00,0.00,0.00,0,0,0.00,0.00,0.00,0,0,0.00,0.00,0,0
1512034929,s1-eth2,16962.00,780850.00,797812.00,780850,16962,257.00,269.00,526.00,269,257,0.00,0.00,0,0
1512034929,s3-eth2,505252.00,10956.00,516208.00,10956,505252,174.00,166.00,340.00,166,174,0.00,0.00,0,0
1512034929,s2-eth2,780850.00,16962.00,797812.00,16962,780850,269.00,257.00,526.00,257,269,0.00,0.00,0,0
1512034929,total,2564710.00,2570508.00,5135218.00,2570508,2564710,1695.00,1694.00,3389.00,1694,1695,0.00,0.00,0,0
1512034930,s1-eth3,1223900.00,26664.00,1250564.00,26664,1223900,422.00,404.00,826.00,404,422,0.00,0.00,0,0
1512034930,s2-eth3,10494.00,481556.00,492050.00,481556,10494,159.00,166.00,325.00,166,159,0.00,0.00,0,0
1512034930,ens33,0.00,0.00,0.00,0,0,0.00,0.00,0.00,0,0,0.00,0.00,0,0
1512034930,s1-eth1,10098.00,463784.00,473882.00,463784,10098,153.00,160.00,313.00,160,153,0.00,0.00,0,0
1512034930,s3-eth1,10494.00,481556.00,492050.00,481556,10494,159.00,166.00,325.00,166,159,0.00,0.00,0,0
1512034930,s2-eth1,6072.00,281522.00,287594.00,281522,6072,92.00,97.00,189.00,97,92,0.00,0.00,0,0
1512034930,lo,516.00,516.00,1032.00,516,516,9.00,9.00,18.00,9,9,0.00,0.00,0,0
1512034930,s1-eth2,16566.00,760116.00,776682.00,760116,16566,251.00,262.00,513.00,262,251,0.00,0.00,0,0
1512034930,s3-eth2,481556.00,10494.00,492050.00,10494,481556,166.00,159.00,325.00,159,166,0.00,0.00,0,0
1512034930,s2-eth2,760116.00,16566.00,776682.00,16566,760116,262.00,251.00,513.00,251,262,0.00,0.00,0,0
1512034930,total,2519812.00,2522774.00,5042586.00,2522774,2519812,1673.00,1674.00,3347.00,1674,1673,0.00,0.00,0,0
1512034931,s1-eth3,1225414.00,26598.00,1252012.00,26598,1225414,423.00,403.00,826.00,403,423,0.00,0.00,0,0
1512034931,s2-eth3,7128.00,327466.00,334594.00,327466,7128,108.00,113.00,221.00,113,108,0.00,0.00,0,0
1512034931,ens33,0.00,0.00,0.00,0,0,0.00,0.00,0.00,0,0,0.00,0.00,0,0
1512034931,s1-eth1,12144.00,560082.00,572226.00,560082,12144,184.00,193.00,377.00,193,184,0.00,0.00,0,0
1512034931,s3-eth1,7128.00,327466.00,334594.00,327466,7128,108.00,113.00,221.00,113,108,0.00,0.00,0,0
1512034931,s2-eth1,7326.00,336352.00,343678.00,336352,7326,111.00,116.00,227.00,116,111,0.00,0.00,0,0
1512034931,lo,0.00,0.00,0.00,0,0,0.00,0.00,0.00,0,0,0.00,0.00,0,0
1512034931,s1-eth2,14454.00,666780.00,681234.00,666780,14454,219.00,230.00,449.00,230,219,0.00,0.00,0,0
1512034931,s3-eth2,327466.00,7128.00,334594.00,7128,327466,113.00,108.00,221.00,108,113,0.00,0.00,0,0
1512034931,s2-eth2,666780.00,14454.00,681234.00,14454,666780,230.00,219.00,449.00,219,230,0.00,0.00,0,0
1512034931,total,2267840.00,2266326.00,4534166.00,2266326,2267840,1496.00,1495.00,2991.00,1495,1496,0.00,0.00,0,0
1512034932,s1-eth3,1223900.00,26796.00,1250696.00,26796,1223900,422.00,406.00,828.00,406,422,0.00,0.00,0,0
1512034932,s2-eth3,11290.00,515652.00,526942.00,515652,11290,171.00,178.00,349.00,178,171,0.00,0.00,0,0
1512034932,ens33,0.00,0.00,0.00,0,0,0.00,0.00,0.00,0,0,0.00,0.00,0,0
1512034932,s1-eth1,9636.00,443120.00,452756.00,443120,9636,146.00,154.00,300.00,154,146,0.00,0.00,0,0
1512034932,s3-eth1,11290.00,515652.00,526942.00,515652,11290,171.00,178.00,349.00,178,171,0.00,0.00,0,0
1512034932,s2-eth1,6010.00,272636.00,278646.00,272636,6010,91.00,94.00,185.00,94,91,0.00,0.00,0,0
1512034932,lo,804.00,804.00,1608.00,804,804,9.00,9.00,18.00,9,9,0.00,0.00,0,0
1512034932,s1-eth2,17230.00,788288.00,805518.00,788288,17230,261.00,272.00,533.00,272,261,0.00,0.00,0,0
1512034932,s3-eth2,515652.00,11290.00,526942.00,11290,515652,178.00,171.00,349.00,171,178,0.00,0.00,0,0
1512034932,s2-eth2,788288.00,17230.00,805518.00,17230,788288,272.00,261.00,533.00,261,272,0.00,0.00,0,0
1512034932,total,2584100.00,2591468.00,5175568.00,2591468,2584100,1721.00,1723.00,3444.00,1723,1721,0.00,0.00,0,0
1512034933,s1-eth3,1222522.00,26598.00,1249120.00,26598,1222522,423.00,403.00,826.00,403,423,0.00,0.00,0,0
1512034933,s2-eth3,9174.00,420802.00,429976.00,420802,9174,139.00,145.00,284.00,145,139,0.00,0.00,0,0
1512034933,ens33,0.00,0.00,0.00,0,0,0.00,0.00,0.00,0,0,0.00,0.00,0,0
1512034933,s1-eth1,11220.00,514138.00,525358.00,514138,11220,170.00,177.00,347.00,177,170,0.00,0.00,0,0
1512034933,s3-eth1,9174.00,420802.00,429976.00,420802,9174,139.00,145.00,284.00,145,139,0.00,0.00,0,0
1512034933,s2-eth1,6204.00,288960.00,295164.00,288960,6204,94.00,100.00,194.00,100,94,0.00,0.00,0,0
1512034933,lo,0.00,0.00,0.00,0,0,0.00,0.00,0.00,0,0,0.00,0.00,0,0
1512034933,s1-eth2,15378.00,709762.00,725140.00,709762,15378,233.00,245.00,478.00,245,233,0.00,0.00,0,0
1512034933,s3-eth2,420802.00,9174.00,429976.00,9174,420802,145.00,139.00,284.00,139,145,0.00,0.00,0,0
1512034933,s2-eth2,709762.00,15378.00,725140.00,15378,709762,245.00,233.00,478.00,233,245,0.00,0.00,0,0
1512034933,total,2404236.00,2405614.00,4809850.00,2405614,2404236,1588.00,1587.00,3175.00,1587,1588,0.00,0.00,0,0
1512034934,s1-eth3,1223900.00,26664.00,1250564.00,26664,1223900,422.00,404.00,826.00,404,422,0.00,0.00,0,0
1512034934,s2-eth3,8646.00,397106.00,405752.00,397106,8646,131.00,137.00,268.00,137,131,0.00,0.00,0,0
1512034934,ens33,0.00,0.00,0.00,0,0,0.00,0.00,0.00,0,0,0.00,0.00,0,0
1512034934,s1-eth1,11356.00,521576.00,532932.00,521576,11356,172.00,180.00,352.00,180,172,0.00,0.00,0,0
1512034934,s3-eth1,8646.00,397106.00,405752.00,397106,8646,131.00,137.00,268.00,137,131,0.00,0.00,0,0
1512034934,s2-eth1,6732.00,308180.00,314912.00,308180,6732,102.00,106.00,208.00,106,102,0.00,0.00,0,0
1512034934,lo,0.00,0.00,0.00,0,0,0.00,0.00,0.00,0,0,0.00,0.00,0,0
1512034934,s1-eth2,15378.00,705286.00,720664.00,705286,15378,233.00,243.00,476.00,243,233,0.00,0.00,0,0
1512034934,s3-eth2,397106.00,8646.00,405752.00,8646,397106,137.00,131.00,268.00,131,137,0.00,0.00,0,0
1512034934,s2-eth2,705286.00,15378.00,720664.00,15378,705286,243.00,233.00,476.00,233,243,0.00,0.00,0,0
1512034934,total,2377050.00,2379942.00,4756992.00,2379942,2377050,1571.00,1571.00,3142.00,1571,1571,0.00,0.00,0,0
1512034935,s1-eth3,1223900.00,26664.00,1250564.00,26664,1223900,422.00,404.00,826.00,404,422,0.00,0.00,0,0
1512034935,s2-eth3,10758.00,494918.00,505676.00,494918,10758,163.00,171.00,334.00,171,163,0.00,0.00,0,0
1512034935,ens33,0.00,0.00,0.00,0,0,0.00,0.00,0.00,0,0,0.00,0.00,0,0
1512034935,s1-eth1,9306.00,428240.00,437546.00,428240,9306,141.00,148.00,289.00,148,141,0.00,0.00,0,0
1512034935,s3-eth1,10758.00,494918.00,505676.00,494918,10758,163.00,171.00,334.00,171,163,0.00,0.00,0,0
1512034935,s2-eth1,6600.00,303770.00,310370.00,303770,6600,100.00,105.00,205.00,105,100,0.00,0.00,0,0
1512034935,lo,0.00,0.00,0.00,0,0,0.00,0.00,0.00,0,0,0.00,0.00,0,0
1512034935,s1-eth2,17358.00,798688.00,816046.00,798688,17358,263.00,276.00,539.00,276,263,0.00,0.00,0,0
1512034935,s3-eth2,494918.00,10758.00,505676.00,10758,494918,171.00,163.00,334.00,163,171,0.00,0.00,0,0
1512034935,s2-eth2,798688.00,17358.00,816046.00,17358,798688,276.00,263.00,539.00,263,276,0.00,0.00,0,0
1512034935,total,2572286.00,2575314.00,5147600.00,2575314,2572286,1699.00,1701.00,3400.00,1701,1699,0.00,0.00,0,0
1512034936,s1-eth3,1225414.00,26664.00,1252078.00,26664,1225414,423.00,404.00,827.00,404,423,0.00,0.00,0,0
1512034936,s2-eth3,7854.00,363010.00,370864.00,363010,7854,119.00,125.00,244.00,125,119,0.00,0.00,0,0
1512034936,ens33,0.00,0.00,0.00,0,0,0.00,0.00,0.00,0,0,0.00,0.00,0,0
1512034936,s1-eth1,12408.00,568968.00,581376.00,568968,12408,188.00,196.00,384.00,196,188,0.00,0.00,0,0
1512034936,s3-eth1,7854.00,363010.00,370864.00,363010,7854,119.00,125.00,244.00,125,119,0.00,0.00,0,0
1512034936,s2-eth1,6402.00,296332.00,302734.00,296332,6402,97.00,102.00,199.00,102,97,0.00,0.00,0,0
1512034936,lo,516.00,516.00,1032.00,516,516,9.00,9.00,18.00,9,9,0.00,0.00,0,0
1512034936,s1-eth2,14256.00,656380.00,670636.00,656380,14256,216.00,226.00,442.00,226,216,0.00,0.00,0,0
1512034936,s3-eth2,363010.00,7854.00,370864.00,7854,363010,125.00,119.00,244.00,119,125,0.00,0.00,0,0
1512034936,s2-eth2,656380.00,14256.00,670636.00,14256,656380,226.00,216.00,442.00,216,226,0.00,0.00,0,0
1512034936,total,2294094.00,2296990.00,4591084.00,2296990,2294094,1522.00,1522.00,3044.00,1522,1522,0.00,0.00,0,0
1512034937,s1-eth3,1222452.00,26664.00,1249116.00,26664,1222452,422.00,404.00,826.00,404,422,0.00,0.00,0,0
1512034937,s2-eth3,10164.00,466746.00,476910.00,466746,10164,154.00,161.00,315.00,161,154,0.00,0.00,0,0
1512034937,ens33,0.00,0.00,0.00,0,0,0.00,0.00,0.00,0,0,0.00,0.00,0,0
1512034937,s1-eth1,10164.00,469708.00,479872.00,469708,10164,154.00,162.00,316.00,162,154,0.00,0.00,0,0
1512034937,s3-eth1,10164.00,466746.00,476910.00,466746,10164,154.00,161.00,315.00,161,154,0.00,0.00,0,0
1512034937,s2-eth1,6336.00,288960.00,295296.00,288960,6336,96.00,100.00,196.00,100,96,0.00,0.00,0,0
1512034937,lo,0.00,0.00,0.00,0,0,0.00,0.00,0.00,0,0,0.00,0.00,0,0
1512034937,s1-eth2,16500.00,758668.00,775168.00,758668,16500,250.00,262.00,512.00,262,250,0.00,0.00,0,0
1512034937,s3-eth2,466746.00,10164.00,476910.00,10164,466746,161.00,154.00,315.00,154,161,0.00,0.00,0,0
1512034937,s2-eth2,758668.00,16500.00,775168.00,16500,758668,262.00,250.00,512.00,250,262,0.00,0.00,0,0
1512034937,total,2501194.00,2504156.00,5005350.00,2504156,2501194,1653.00,1654.00,3307.00,1654,1653,0.00,0.00,0,0
1512034938,s1-eth3,1225348.00,26730.00,1252078.00,26730,1225348,422.00,405.00,827.00,405,422,0.00,0.00,0,0
1512034938,s2-eth3,11162.00,506766.00,517928.00,506766,11162,169.00,175.00,344.00,175,169,0.00,0.00,0,0
1512034938,ens33,0.00,0.00,0.00,0,0,0.00,0.00,0.00,0,0,0.00,0.00,0,0
1512034938,s1-eth1,8976.00,411916.00,420892.00,411916,8976,136.00,142.00,278.00,142,136,0.00,0.00,0,0
1512034938,s3-eth1,11162.00,506766.00,517928.00,506766,11162,169.00,175.00,344.00,175,169,0.00,0.00,0,0
1512034938,s2-eth1,6802.00,308180.00,314982.00,308180,6802,103.00,106.00,209.00,106,103,0.00,0.00,0,0
1512034938,lo,804.00,804.00,1608.00,804,804,9.00,9.00,18.00,9,9,0.00,0.00,0,0
1512034938,s1-eth2,17824.00,814946.00,832770.00,814946,17824,270.00,281.00,551.00,281,270,0.00,0.00,0,0
1512034938,s3-eth2,506766.00,11162.00,517928.00,11162,506766,175.00,169.00,344.00,169,175,0.00,0.00,0,0
1512034938,s2-eth2,814946.00,17824.00,832770.00,17824,814946,281.00,270.00,551.00,270,281,0.00,0.00,0,0
1512034938,total,2603790.00,2605094.00,5208884.00,2605094,2603790,1734.00,1732.00,3466.00,1732,1734,0.00,0.00,0,0
1512034939,s1-eth3,1225414.00,26598.00,1252012.00,26598,1225414,423.00,403.00,826.00,403,423,0.00,0.00,0,0
1512034939,s2-eth3,7194.00,330428.00,337622.00,330428,7194,109.00,114.00,223.00,114,109,0.00,0.00,0,0
1512034939,ens33,0.00,0.00,0.00,0,0,0.00,0.00,0.00,0,0,0.00,0.00,0,0
1512034939,s1-eth1,12936.00,594178.00,607114.00,594178,12936,196.00,205.00,401.00,205,196,0.00,0.00,0,0
1512034939,s3-eth1,7194.00,330428.00,337622.00,330428,7194,109.00,114.00,223.00,114,109,0.00,0.00,0,0
1512034939,s2-eth1,6468.00,300808.00,307276.00,300808,6468,98.00,104.00,202.00,104,98,0.00,0.00,0,0
1512034939,lo,0.00,0.00,0.00,0,0,0.00,0.00,0.00,0,0,0.00,0.00,0,0
1512034939,s1-eth2,13662.00,631236.00,644898.00,631236,13662,207.00,218.00,425.00,218,207,0.00,0.00,0,0
1512034939,s3-eth2,330428.00,7194.00,337622.00,7194,330428,114.00,109.00,223.00,109,114,0.00,0.00,0,0
1512034939,s2-eth2,631236.00,13662.00,644898.00,13662,631236,218.00,207.00,425.00,207,218,0.00,0.00,0,0
1512034939,total,2234532.00,2234532.00,4469064.00,2234532,2234532,1474.00,1474.00,2948.00,1474,1474,0.00,0.00,0,0
1512034940,s1-eth3,1223900.00,26866.00,1250766.00,26866,1223900,422.00,407.00,829.00,407,422,0.00,0.00,0,0
1512034940,s2-eth3,10828.00,496366.00,507194.00,496366,10828,164.00,171.00,335.00,171,164,0.00,0.00,0,0
1512034940,ens33,0.00,0.00,0.00,0,0,0.00,0.00,0.00,0,0,0.00,0.00,0,0
1512034940,s1-eth1,9772.00,446012.00,455784.00,446012,9772,148.00,154.00,302.00,154,148,0.00,0.00,0,0
1512034940,s3-eth1,10828.00,496366.00,507194.00,496366,10828,164.00,171.00,335.00,171,164,0.00,0.00,0,0
1512034940,s2-eth1,6406.00,287446.00,293852.00,287446,6406,97.00,99.00,196.00,99,97,0.00,0.00,0,0
1512034940,lo,804.00,804.00,1608.00,804,804,9.00,9.00,18.00,9,9,0.00,0.00,0,0
1512034940,s1-eth2,17164.00,783812.00,800976.00,783812,17164,260.00,270.00,530.00,270,260,0.00,0.00,0,0
1512034940,s3-eth2,496366.00,10828.00,507194.00,10828,496366,171.00,164.00,335.00,164,171,0.00,0.00,0,0
1512034940,s2-eth2,783812.00,17164.00,800976.00,17164,783812,270.00,260.00,530.00,260,270,0.00,0.00,0,0
1512034940,total,2559880.00,2565664.00,5125544.00,2565664,2559880,1705.00,1705.00,3410.00,1705,1705,0.00,0.00,0,0
1512034941,s1-eth3,1223900.00,26598.00,1250498.00,26598,1223900,422.00,403.00,825.00,403,422,0.00,0.00,0,0
1512034941,s2-eth3,10799.00,490442.00,501241.00,490442,10799,163.00,169.00,332.00,169,163,0.00,0.00,0,0
1512034941,ens33,0.00,0.00,0.00,0,0,0.00,0.00,0.00,0,0,0.00,0.00,0,0
1512034941,s1-eth1,9916.00,446012.00,455928.00,446012,9916,149.00,154.00,303.00,154,149,0.00,0.00,0,0
1512034941,s3-eth1,10906.00,490442.00,501348.00,490442,10906,164.00,169.00,333.00,169,164,0.00,0.00,0,0
1512034941,s2-eth1,6418.00,284484.00,290902.00,284484,6418,96.00,98.00,194.00,98,96,0.00,0.00,0,0
1512034941,lo,915.00,915.00,1830.00,915,915,9.00,9.00,18.00,9,9,0.00,0.00,0,0
1512034941,s1-eth2,17003.00,775033.00,792036.00,775033,17003,257.00,268.00,525.00,268,257,0.00,0.00,0,0
1512034941,s3-eth2,490442.00,10799.00,501241.00,10799,490442,169.00,163.00,332.00,163,169,0.00,0.00,0,0
1512034941,s2-eth2,775033.00,17003.00,792036.00,17003,775033,268.00,257.00,525.00,257,268,0.00,0.00,0,0
1512034941,total,2545332.00,2541728.00,5087060.00,2541728,2545332,1697.00,1690.00,3387.00,1690,1697,0.00,0.00,0,0
1512034942,s1-eth3,1222452.00,26664.00,1249116.00,26664,1222452,422.00,404.00,826.00,404,422,0.00,0.00,0,0
1512034942,s2-eth3,7305.00,330605.00,337910.00,330605,7305,110.00,116.00,226.00,116,110,0.00,0.00,0,0
1512034942,ens33,0.00,0.00,0.00,0,0,0.00,0.00,0.00,0,0,0.00,0.00,0,0
1512034942,s1-eth1,12659.00,568968.00,581627.00,568968,12659,191.00,196.00,387.00,196,191,0.00,0.00,0,0
1512034942,s3-eth1,7305.00,330428.00,337733.00,330428,7305,110.00,114.00,224.00,114,110,0.00,0.00,0,0
1512034942,s2-eth1,7371.00,330498.00,337869.00,330498,7371,111.00,115.00,226.00,115,111,0.00,0.00,0,0
1512034942,lo,2471.00,2471.00,4942.00,2471,2471,26.00,26.00,52.00,26,26,0.00,0.00,0,0
1512034942,s1-eth2,14322.00,661173.00,675495.00,661173,14322,217.00,232.00,449.00,232,217,0.00,0.00,0,0
1512034942,s3-eth2,330605.00,7305.00,337910.00,7305,330605,116.00,110.00,226.00,110,116,0.00,0.00,0,0
1512034942,s2-eth2,661173.00,14322.00,675495.00,14322,661173,232.00,217.00,449.00,217,232,0.00,0.00,0,0
1512034942,total,2265663.00,2272434.00,4538097.00,2272434,2265663,1535.00,1530.00,3065.00,1530,1535,0.00,0.00,0,0
1512034943,s1-eth3,1224221.00,26664.00,1250885.00,26664,1224221,425.00,404.00,829.00,404,425,0.00,0.00,0,0
1512034943,s2-eth3,11088.00,509728.00,520816.00,509728,11088,168.00,176.00,344.00,176,168,0.00,0.00,0,0
1512034943,ens33,0.00,0.00,0.00,0,0,0.00,0.00,0.00,0,0,0.00,0.00,0,0
1512034943,s1-eth1,9570.00,440088.00,449658.00,440088,9570,145.00,152.00,297.00,152,145,0.00,0.00,0,0
1512034943,s3-eth1,11088.00,509728.00,520816.00,509728,11088,168.00,176.00,344.00,176,168,0.00,0.00,0,0
1512034943,s2-eth1,6006.00,278560.00,284566.00,278560,6006,91.00,96.00,187.00,96,91,0.00,0.00,0,0
1512034943,lo,0.00,0.00,0.00,0,0,0.00,0.00,0.00,0,0,0.00,0.00,0,0
1512034943,s1-eth2,17094.00,788288.00,805382.00,788288,17094,259.00,272.00,531.00,272,259,0.00,0.00,0,0
1512034943,s3-eth2,509728.00,11088.00,520816.00,11088,509728,176.00,168.00,344.00,168,176,0.00,0.00,0,0
1512034943,s2-eth2,788288.00,17094.00,805382.00,17094,788288,272.00,259.00,531.00,259,272,0.00,0.00,0,0
1512034943,total,2577083.00,2581238.00,5158321.00,2581238,2577083,1704.00,1703.00,3407.00,1703,1704,0.00,0.00,0,0
1512034944,s1-eth3,1225694.00,26664.00,1252358.00,26664,1225694,427.00,404.00,831.00,404,427,0.00,0.00,0,0
1512034944,s2-eth3,9108.00,417840.00,426948.00,417840,9108,138.00,144.00,282.00,144,138,0.00,0.00,0,0
1512034944,ens33,0.00,0.00,0.00,0,0,0.00,0.00,0.00,0,0,0.00,0.00,0,0
1512034944,s1-eth1,11154.00,512690.00,523844.00,512690,11154,169.00,177.00,346.00,177,169,0.00,0.00,0,0
1512034944,s3-eth1,9108.00,417840.00,426948.00,417840,9108,138.00,144.00,282.00,144,138,0.00,0.00,0,0
1512034944,s2-eth1,6472.00,294884.00,301356.00,294884,6472,98.